
<meta charset="utf-8" emacsmode="-*- markdown -*-">
<link rel="stylesheet" href="../src/company-api.css">
<script src="../src/rdc.js" charset="utf-8"></script>
<script src="../src/markdeep.min.js" charset="utf-8"></script>
<script src="../src/lazysizes.js" charset="utf-8"></script>

# VS
```glsl
hlslcc_mtx4x4unity_ObjectToWorld
  0.779 0.000 0.627 0.000 
  0.000 1.000 0.000 0.000 
  -0.627 0.000 0.779 0.000 
  2.542 0.760 1.386 1.000 

hlslcc_mtx4x4unity_WorldToObject
  0.779 0.000 -0.627 0.000 
  -0.000 1.000 0.000 0.000 
  0.627 -0.000 0.779 0.000 
  -2.850 -0.760 0.512 1.000 

unity_LODFade
  0.000 0.000 0.000 0.000 
unity_WorldTransformParams
  0.000 0.000 0.000 1.000 
unity_LightData
  14.000 1.000 1.000 0.000 
unity_LightIndices
  0.000 0.000 0.000 0.000 
  0.000 0.000 0.000 0.000 

unity_ProbesOcclusion
  1.000 1.000 1.000 1.000 
unity_SpecCube0_HDR
  4.595 1.000 0.000 0.000 
unity_LightmapST
  0.000 0.000 0.000 0.000 
unity_DynamicLightmapST
  0.000 0.000 0.000 0.000 
unity_SHAr
  0.026 -0.040 0.087 0.132 
unity_SHAg
  0.029 -0.026 0.112 0.184 
unity_SHAb
  0.021 0.038 0.147 0.274 
unity_SHBr
  -0.023 -0.047 0.032 -0.019 
unity_SHBg
  -0.028 -0.046 0.043 -0.028 
unity_SHBb
  -0.039 -0.025 0.053 -0.044 
unity_SHC
  0.027 0.037 0.046 1.000 

----------------------------------
_BaseMap_ST
  1.000 1.000 0.000 0.000 
_BaseColor
  0.818 0.729 0.601 1.000 
_SpecColor
  0.033 0.033 0.033 1.000 
_EmissionColor
  0.000 0.000 0.000 1.000 
_Cutoff
  0.500 
_Smoothness
  1.000 
_Metallic
  0.000 
_BumpScale
  1.000 
_OcclusionStrength
  1.000 

----------------------------------
_WorldSpaceCameraPos
  2.320 1.203 2.378 
hlslcc_mtx4x4_MainLightWorldToShadow
  0.008 0.009 0.007 0.000 
  0.010 0.000 -0.009 0.000 
  -0.007 0.011 -0.006 0.000 
  0.472 0.765 0.343 1.000 

hlslcc_mtx4x4unity_MatrixVP
  -0.784 -0.155 -0.245 -0.244 
  0.000 1.626 -0.345 -0.344 
  0.211 -0.576 -0.907 -0.906 
  1.315 -0.226 2.539 3.137 

unity_FogParams
  0.060 0.072 0.000 0.000 

----------------------------------

```


