
<meta charset="utf-8" emacsmode="-*- markdown -*-">
<link rel="stylesheet" href="../src/company-api.css">
<script src="../src/rdc.js" charset="utf-8"></script>
<script src="../src/markdeep.min.js" charset="utf-8"></script>
<script src="../src/lazysizes.js" charset="utf-8"></script>

# VS
```glsl
hlslcc_mtx4x4unity_ObjectToWorld
  -0.438 0.000 0.899 0.000 
  0.000 1.000 0.000 0.000 
  -0.899 0.000 -0.438 0.000 
  1.327 0.631 -2.685 1.000 

hlslcc_mtx4x4unity_WorldToObject
  -0.438 0.000 -0.899 0.000 
  0.000 1.000 0.000 0.000 
  0.899 0.000 -0.438 0.000 
  2.995 -0.631 0.016 1.000 

unity_LODFade
  0.000 0.000 0.000 0.000 
unity_WorldTransformParams
  0.000 0.000 0.000 1.000 
unity_LightData
  0.000 0.000 0.000 0.000 
unity_LightIndices
  0.000 0.000 0.000 0.000 
  0.000 0.000 0.000 0.000 

unity_ProbesOcclusion
  0.000 0.000 0.000 0.000 
unity_SpecCube0_HDR
  0.000 0.000 0.000 0.000 
unity_LightmapST
  0.000 0.000 0.000 1.000 
unity_DynamicLightmapST
  0.000 0.000 0.000 -0.966 
unity_SHAr
  -0.090 -0.244 0.000 -0.000 
unity_SHAg
  -0.939 0.344 0.000 0.260 
unity_SHAb
  -0.333 -0.906 0.000 0.000 
unity_SHBr
  0.000 0.000 1.000 0.000 
unity_SHBg
  0.000 0.000 0.000 0.000 
unity_SHBb
  nan 0.000 0.000 0.000 
unity_SHC
  1.000 1.000 0.000 0.000 

----------------------------------
_BaseMap_ST
  1.000 1.000 0.000 0.000 
_BaseColor
  1.000 1.000 1.000 1.000 
_SpecColor
  0.033 0.033 0.033 1.000 
_EmissionColor
  0.000 0.000 0.000 1.000 
_Cutoff
  0.500 
_Smoothness
  1.000 
_Metallic
  0.000 
_BumpScale
  1.000 
_OcclusionStrength
  1.000 

----------------------------------
_LightDirection
  -0.542 0.707 0.455 
_ShadowBias
  -0.034 -0.034 0.000 0.000 
hlslcc_mtx4x4unity_MatrixVP
  0.016 0.018 0.014 0.000 
  0.020 0.000 -0.018 0.000 
  -0.013 0.022 -0.012 0.000 
  -0.056 0.530 -0.315 1.000 


----------------------------------

```


