
<meta charset="utf-8" emacsmode="-*- markdown -*-">
<link rel="stylesheet" href="../src/company-api.css">
<script src="../src/rdc.js" charset="utf-8"></script>
<script src="../src/markdeep.min.js" charset="utf-8"></script>
<script src="../src/lazysizes.js" charset="utf-8"></script>

# VS
```glsl
hlslcc_mtx4x4unity_ObjectToWorld
  -0.438 0.000 0.899 0.000 
  0.000 1.000 0.000 0.000 
  -0.899 0.000 -0.438 0.000 
  1.280 1.471 -2.590 1.000 

hlslcc_mtx4x4unity_WorldToObject
  -0.438 0.000 -0.899 0.000 
  0.000 1.000 0.000 0.000 
  0.899 0.000 -0.438 0.000 
  2.889 -1.471 0.016 1.000 

unity_LODFade
  0.000 0.000 0.000 0.000 
unity_WorldTransformParams
  0.000 0.000 0.000 1.000 
unity_LightData
  0.000 0.000 0.000 0.000 
unity_LightIndices
  0.000 nan 0.000 0.000 
  0.000 0.000 0.000 0.000 

unity_ProbesOcclusion
  0.007 0.000 0.007 0.000 
unity_SpecCube0_HDR
  0.000 0.000 0.000 0.000 
unity_LightmapST
  0.000 0.000 0.000 0.000 
unity_DynamicLightmapST
  0.000 0.000 0.000 0.000 
unity_SHAr
  0.000 0.000 0.000 0.000 
unity_SHAg
  0.000 0.000 -0.000 0.000 
unity_SHAb
  0.000 0.000 0.000 0.000 
unity_SHBr
  0.000 0.000 -6242834607977267200.000 0.000 
unity_SHBg
  17001308143805456711680.000 44090410401792.000 3397.142 826713070425307300211346294964224.000 
unity_SHBb
  18394324191659592104542208.000 0.000 47279221233699694575616.000 0.000 
unity_SHC
  17408233887533869706510336.000 164245.719 204.325 827838656.000 

----------------------------------
_BaseMap_ST
  1.000 1.000 0.000 0.000 
_BaseColor
  1.000 1.000 1.000 1.000 
_SpecColor
  0.033 0.033 0.033 1.000 
_EmissionColor
  11.179 11.179 11.179 1.000 
_Cutoff
  0.500 
_Smoothness
  0.500 
_Metallic
  0.000 
_BumpScale
  1.000 
_OcclusionStrength
  1.000 

----------------------------------
_LightDirection
  -0.542 0.707 0.455 
_ShadowBias
  -0.171 -0.171 0.000 0.000 
hlslcc_mtx4x4unity_MatrixVP
  0.015 0.018 0.014 0.000 
  0.020 0.000 -0.018 0.000 
  -0.013 0.022 -0.012 0.000 
  -0.055 0.521 -0.313 1.000 


----------------------------------

```


