
<meta charset="utf-8" emacsmode="-*- markdown -*-">
<link rel="stylesheet" href="../src/company-api.css">
<script src="../src/rdc.js" charset="utf-8"></script>
<script src="../src/markdeep.min.js" charset="utf-8"></script>
<script src="../src/lazysizes.js" charset="utf-8"></script>

# VS
```glsl
hlslcc_mtx4x4unity_ObjectToWorld
  0.860 0.000 -0.511 0.000 
  0.000 1.000 0.000 0.000 
  0.511 0.000 0.860 0.000 
  0.819 0.000 -0.703 1.000 

hlslcc_mtx4x4unity_WorldToObject
  0.860 -0.000 0.511 0.000 
  0.000 1.000 -0.000 0.000 
  -0.511 0.000 0.860 0.000 
  -1.063 0.000 0.186 1.000 

unity_LODFade
  0.000 0.000 0.000 0.000 
unity_WorldTransformParams
  0.000 0.000 0.000 1.000 
unity_LightData
  0.000 0.000 13128401932110528512.000 0.039 
unity_LightIndices
  18615488678432805893147883342921728.000 71561207286999159930880.000 0.000 1177123632831553907720192000.000 
  0.000 0.000 -6243256820442333184.000 4371236168191097719226368.000 

unity_ProbesOcclusion
  -0.000 0.000 0.000 0.000 
unity_SpecCube0_HDR
  50760493370857732791963689680896.000 4230535122963954401280.000 0.000 0.000 
unity_LightmapST
  0.000 0.000 0.000 0.000 
unity_DynamicLightmapST
  0.000 0.000 0.000 17663163918035451904.000 
unity_SHAr
  0.134 0.000 0.991 0.000 
unity_SHAg
  0.000 1.000 0.000 0.000 
unity_SHAb
  -0.991 0.000 0.134 0.000 
unity_SHBr
  0.566 0.000 -0.508 1.000 
unity_SHBg
  0.134 0.000 -0.991 0.000 
unity_SHBb
  -0.000 1.000 0.000 0.000 
unity_SHC
  0.991 -0.000 0.134 0.000 

----------------------------------
_LightDirection
  0.438 -0.000 -0.899 
_ShadowBias
  -0.029 -0.029 0.000 0.000 
hlslcc_mtx4x4unity_MatrixVP
  0.899 0.000 -0.469 -0.438 
  0.000 1.000 0.000 0.000 
  0.438 0.000 0.961 0.899 
  -0.016 -1.467 2.679 2.893 


----------------------------------

```


