
<meta charset="utf-8" emacsmode="-*- markdown -*-">
<link rel="stylesheet" href="../src/company-api.css">
<script src="../src/rdc.js" charset="utf-8"></script>
<script src="../src/markdeep.min.js" charset="utf-8"></script>
<script src="../src/lazysizes.js" charset="utf-8"></script>

# VS
```glsl
hlslcc_mtx4x4unity_ObjectToWorld
  -0.657 0.000 -0.754 0.000 
  0.000 1.000 0.000 0.000 
  0.754 0.000 -0.657 0.000 
  2.714 0.368 1.062 1.000 

hlslcc_mtx4x4unity_WorldToObject
  -0.657 0.000 0.754 0.000 
  0.000 1.000 0.000 0.000 
  -0.754 0.000 -0.657 0.000 
  2.584 -0.368 -1.347 1.000 

unity_LODFade
  0.000 0.000 0.000 0.000 
unity_WorldTransformParams
  0.000 0.000 0.000 1.000 
unity_LightData
  203037640693293432336892611788800.000 272631578300174565376.000 226156235299829951810408051426459648.000 0.000 
unity_LightIndices
  202983171331564875604797050322944.000 272631578300174565376.000 0.000 0.000 
  1201057545397429102559887360.000 0.000 0.000 202983171331564875604797050322944.000 

unity_ProbesOcclusion
  272631578300174565376.000 56539058824957487952602012856614912.000 0.000 1201057545397429102559887360.000 
unity_SpecCube0_HDR
  0.000 0.004 0.000 18129027760595222860323523487858688.000 
unity_LightmapST
  0.000 0.000 1201057545397429102559887360.000 0.000 
unity_DynamicLightmapST
  80634581241136300982335745770389504.000 11541072179462406144.000 18056909178773800251375484928.000 4371236168191097719226368.000 
unity_SHAr
  267853628531441401856.000 4786091276781108923620917248.000 15975877644933956622090240.000 14148716290482118223848616344158208.000 
unity_SHAg
  0.000 17663165017547079680.000 71439624071474139925882519683072.000 80539195485229283861394218450681856.000 
unity_SHAb
  -0.817 0.000 0.577 0.000 
unity_SHBr
  0.000 1.000 0.000 0.000 
unity_SHBg
  -0.577 0.000 -0.817 0.000 
unity_SHBb
  2.667 0.382 1.010 1.000 
unity_SHC
  -0.817 0.000 -0.577 0.000 

----------------------------------
_BaseMap_ST
  4.000 4.000 0.000 0.000 
_BaseColor
  1.000 1.000 1.000 1.000 
_SpecColor
  0.033 0.033 0.033 1.000 
_EmissionColor
  0.000 0.000 0.000 1.000 
_Cutoff
  0.500 
_Smoothness
  1.000 
_Metallic
  0.000 
_BumpScale
  1.000 
_OcclusionStrength
  1.000 

----------------------------------
_LightDirection
  0.438 -0.000 -0.899 
_ShadowBias
  -0.029 -0.029 0.000 0.000 
hlslcc_mtx4x4unity_MatrixVP
  0.899 0.000 -0.469 -0.438 
  0.000 1.000 0.000 0.000 
  0.438 0.000 0.961 0.899 
  -0.016 -1.467 2.679 2.893 


----------------------------------

```


