
<meta charset="utf-8" emacsmode="-*- markdown -*-">
<link rel="stylesheet" href="../src/company-api.css">
<script src="../src/rdc.js" charset="utf-8"></script>
<script src="../src/markdeep.min.js" charset="utf-8"></script>
<script src="../src/lazysizes.js" charset="utf-8"></script>

# VS
```glsl
hlslcc_mtx4x4unity_ObjectToWorld
  -0.817 0.000 0.577 0.000 
  0.000 1.000 0.000 0.000 
  -0.577 0.000 -0.817 0.000 
  2.667 0.382 1.010 1.000 

hlslcc_mtx4x4unity_WorldToObject
  -0.817 0.000 -0.577 0.000 
  0.000 1.000 0.000 0.000 
  0.577 0.000 -0.817 0.000 
  1.595 -0.382 2.365 1.000 

unity_LODFade
  0.000 0.000 0.000 0.000 
unity_WorldTransformParams
  0.000 0.000 0.000 1.000 
unity_LightData
  0.000 0.000 0.000 1.000 
unity_LightIndices
  -0.000 0.000 1.000 0.000 
  0.000 1.000 0.000 0.000 

unity_ProbesOcclusion
  -1.000 0.000 -0.000 0.000 
unity_SpecCube0_HDR
  0.000 -0.000 0.000 1.000 
unity_LightmapST
  0.000 0.000 0.000 0.000 
unity_DynamicLightmapST
  0.000 0.000 0.000 1.000 
unity_SHAr
  1101721269393573432786944.000 60490303436351803828700446720.000 0.004 18017315400888639322849280.000 
unity_SHAg
  4689377801507748948350074880.000 72616905082850332639232.000 11543960596508573696.000 17256782659924200467202048.000 
unity_SHAb
  18523600588218255091852902400.000 15445792007231838946852864.000 19363982613861338566777095847936.000 18989583642690279485548265472.000 
unity_SHBr
  175230180447088211903169490321408.000 71309008930282017531017297920.000 0.000 0.000 
unity_SHBg
  14268304339435205427200.000 18467224571317387645681664.000 1090119269259997628170502144.000 4371236168191097719226368.000 
unity_SHBb
  64512456306607469528690458624.000 18467241865139956748386304.000 0.000 0.000 
unity_SHC
  275587240773809455759360.000 0.000 4232809722250753212416.000 13.945 

----------------------------------
_BaseMap_ST
  3.000 3.000 0.000 0.000 
_BaseColor
  0.127 0.127 0.127 1.000 
_SpecColor
  0.033 0.033 0.033 1.000 
_EmissionColor
  0.000 0.000 0.000 1.000 
_Cutoff
  0.500 
_Smoothness
  1.000 
_Metallic
  0.000 
_BumpScale
  1.000 
_OcclusionStrength
  1.000 

----------------------------------
_LightDirection
  0.438 -0.000 -0.899 
_ShadowBias
  -0.029 -0.029 0.000 0.000 
hlslcc_mtx4x4unity_MatrixVP
  0.899 0.000 -0.469 -0.438 
  0.000 1.000 0.000 0.000 
  0.438 0.000 0.961 0.899 
  -0.016 -1.467 2.679 2.893 


----------------------------------

```


