
<meta charset="utf-8" emacsmode="-*- markdown -*-">
<link rel="stylesheet" href="../src/company-api.css">
<script src="../src/rdc.js" charset="utf-8"></script>
<script src="../src/markdeep.min.js" charset="utf-8"></script>
<script src="../src/lazysizes.js" charset="utf-8"></script>

# VS
```glsl
hlslcc_mtx4x4unity_ObjectToWorld
  -0.657 0.000 -0.754 0.000 
  0.000 1.000 0.000 0.000 
  0.754 0.000 -0.657 0.000 
  2.714 0.368 1.062 1.000 

hlslcc_mtx4x4unity_WorldToObject
  -0.657 0.000 0.754 0.000 
  0.000 1.000 0.000 0.000 
  -0.754 0.000 -0.657 0.000 
  2.584 -0.368 -1.347 1.000 

unity_LODFade
  0.000 0.000 0.000 0.000 
unity_WorldTransformParams
  0.000 0.000 0.000 1.000 
unity_LightData
  5.820 0.000 -0.000 0.000 
unity_LightIndices
  0.000 0.000 -0.000 0.000 
  -0.000 0.000 0.000 0.000 

unity_ProbesOcclusion
  0.000 0.000 0.000 0.000 
unity_SpecCube0_HDR
  0.000 0.000 0.000 0.000 
unity_LightmapST
  0.000 0.000 0.000 202983171331564875604797050322944.000 
unity_DynamicLightmapST
  0.000 0.000 -6243256820442333184.000 18615488678432805893147883342921728.000 
unity_SHAr
  -0.000 0.000 0.000 0.000 
unity_SHAg
  17324503341564166144.000 18056909178773800251375484928.000 0.000 0.000 
unity_SHAb
  0.000 0.000 0.000 0.000 
unity_SHBr
  0.000 0.000 0.003 0.000 
unity_SHBg
  0.860 0.000 -0.511 0.000 
unity_SHBb
  0.000 1.000 0.000 0.000 
unity_SHC
  0.511 0.000 0.860 0.000 

----------------------------------
_BaseMap_ST
  3.000 3.000 0.000 0.000 
_BaseColor
  0.026 0.026 0.026 1.000 
_SpecColor
  0.033 0.033 0.033 1.000 
_EmissionColor
  0.000 0.000 0.000 1.000 
_Cutoff
  0.500 
_Smoothness
  1.000 
_Metallic
  0.000 
_BumpScale
  1.000 
_OcclusionStrength
  1.000 

----------------------------------
_LightDirection
  0.438 -0.000 -0.899 
_ShadowBias
  -0.029 -0.029 0.000 0.000 
hlslcc_mtx4x4unity_MatrixVP
  0.899 0.000 -0.469 -0.438 
  0.000 1.000 0.000 0.000 
  0.438 0.000 0.961 0.899 
  -0.016 -1.467 2.679 2.893 


----------------------------------

```


