
<meta charset="utf-8" emacsmode="-*- markdown -*-">
<link rel="stylesheet" href="../src/company-api.css">
<script src="../src/rdc.js" charset="utf-8"></script>
<script src="../src/markdeep.min.js" charset="utf-8"></script>
<script src="../src/lazysizes.js" charset="utf-8"></script>

# VS
```glsl
hlslcc_mtx4x4unity_ObjectToWorld
  -0.601 0.000 0.800 0.000 
  -0.000 -1.000 0.000 0.000 
  0.800 0.000 0.601 0.000 
  0.856 0.002 -0.401 1.000 

hlslcc_mtx4x4unity_WorldToObject
  -0.601 -0.000 0.800 0.000 
  0.000 -1.000 -0.000 0.000 
  0.800 0.000 0.601 0.000 
  0.834 0.002 -0.444 1.000 

unity_LODFade
  0.000 0.000 0.000 0.000 
unity_WorldTransformParams
  0.000 0.000 0.000 1.000 
unity_LightData
  0.000 17259775644150159841951744.000 12030274281610642718720.000 18058448670247215755715149824.000 
unity_LightIndices
  893917504.000 15660222068622884864.000 13981010944.000 911913975808.000 
  -0.657 0.000 -0.754 0.000 

unity_ProbesOcclusion
  0.000 1.000 0.000 0.000 
unity_SpecCube0_HDR
  0.754 0.000 -0.657 0.000 
unity_LightmapST
  2.714 0.566 1.062 1.000 
unity_DynamicLightmapST
  -0.657 0.000 0.754 0.000 
unity_SHAr
  0.000 1.000 0.000 0.000 
unity_SHAg
  -0.754 0.000 -0.657 0.000 
unity_SHAb
  2.584 -0.566 -1.347 1.000 
unity_SHBr
  0.000 0.000 0.000 0.000 
unity_SHBg
  0.000 0.000 0.000 1.000 
unity_SHBb
  12030273155710735876096.000 18058448670247215755715149824.000 893917504.000 15660222068622884864.000 
unity_SHC
  12.207 869422336.000 0.000 270817280250077759143936.000 

----------------------------------
_LightDirection
  0.438 -0.000 -0.899 
_ShadowBias
  -0.029 -0.029 0.000 0.000 
hlslcc_mtx4x4unity_MatrixVP
  0.899 0.000 -0.469 -0.438 
  0.000 1.000 0.000 0.000 
  0.438 0.000 0.961 0.899 
  -0.016 -1.467 2.679 2.893 


----------------------------------

```


