
<meta charset="utf-8" emacsmode="-*- markdown -*-">
<link rel="stylesheet" href="../src/company-api.css">
<script src="../src/rdc.js" charset="utf-8"></script>
<script src="../src/markdeep.min.js" charset="utf-8"></script>
<script src="../src/lazysizes.js" charset="utf-8"></script>

# VS
```glsl
hlslcc_mtx4x4unity_ObjectToWorld
  -0.438 0.000 0.899 0.000 
  0.000 1.000 0.000 0.000 
  -0.899 0.000 -0.438 0.000 
  1.299 1.463 -2.627 1.000 

hlslcc_mtx4x4unity_WorldToObject
  -0.438 0.000 -0.899 0.000 
  0.000 1.000 0.000 0.000 
  0.899 0.000 -0.438 0.000 
  2.931 -1.463 0.016 1.000 

unity_LODFade
  0.000 0.000 0.000 0.000 
unity_WorldTransformParams
  0.000 0.000 0.000 1.000 
unity_LightData
  0.003 0.000 0.000 0.000 
unity_LightIndices
  0.000 0.000 0.000 0.000 
  0.000 0.000 0.000 18129027760595222860323523487858688.000 

unity_ProbesOcclusion
  0.779 0.000 0.627 0.000 
unity_SpecCube0_HDR
  0.000 1.000 0.000 0.000 
unity_LightmapST
  -0.627 0.000 0.779 0.000 
unity_DynamicLightmapST
  2.542 0.760 1.386 1.000 
unity_SHAr
  0.779 0.000 -0.627 0.000 
unity_SHAg
  -0.000 1.000 0.000 0.000 
unity_SHAb
  0.627 -0.000 0.779 0.000 
unity_SHBr
  -2.850 -0.760 0.512 1.000 
unity_SHBg
  0.000 0.000 0.000 0.000 
unity_SHBb
  0.000 0.000 0.000 1.000 
unity_SHC
  302874370397479880924650935871864832.000 5074278154374565721368057046106112.000 812150562773173729347570447155200.000 0.000 

----------------------------------
_BaseMap_ST
  1.000 1.000 0.000 0.000 
_BaseColor
  1.000 1.000 1.000 1.000 
_SpecColor
  0.033 0.033 0.033 1.000 
_EmissionColor
  0.000 0.000 0.000 1.000 
_Cutoff
  0.500 
_Smoothness
  1.000 
_Metallic
  0.000 
_BumpScale
  1.000 
_OcclusionStrength
  1.000 

----------------------------------
_LightDirection
  0.438 -0.000 -0.899 
_ShadowBias
  -0.029 -0.029 0.000 0.000 
hlslcc_mtx4x4unity_MatrixVP
  0.899 0.000 -0.469 -0.438 
  0.000 1.000 0.000 0.000 
  0.438 0.000 0.961 0.899 
  -0.016 -1.467 2.679 2.893 


----------------------------------

```


