
<meta charset="utf-8" emacsmode="-*- markdown -*-">
<link rel="stylesheet" href="../src/company-api.css">
<script src="../src/rdc.js" charset="utf-8"></script>
<script src="../src/markdeep.min.js" charset="utf-8"></script>
<script src="../src/lazysizes.js" charset="utf-8"></script>

# VS
```glsl
hlslcc_mtx4x4unity_ObjectToWorld
  -0.657 0.000 -0.754 0.000 
  0.000 1.000 0.000 0.000 
  0.754 0.000 -0.657 0.000 
  2.714 0.368 1.062 1.000 

hlslcc_mtx4x4unity_WorldToObject
  -0.657 0.000 0.754 0.000 
  0.000 1.000 0.000 0.000 
  -0.754 0.000 -0.657 0.000 
  2.584 -0.368 -1.347 1.000 

unity_LODFade
  0.000 0.000 0.000 0.000 
unity_WorldTransformParams
  0.000 0.000 0.000 1.000 
unity_LightData
  0.000 0.000 0.000 0.000 
unity_LightIndices
  0.000 0.000 0.000 0.000 
  0.000 0.000 0.000 0.000 

unity_ProbesOcclusion
  0.000 0.000 0.000 0.000 
unity_SpecCube0_HDR
  0.000 0.000 0.000 0.000 
unity_LightmapST
  0.000 0.000 0.000 0.000 
unity_DynamicLightmapST
  0.000 0.000 0.000 0.000 
unity_SHAr
  0.000 0.000 0.000 0.000 
unity_SHAg
  -23.722 0.000 0.285 -0.183 
unity_SHAb
  0.006 -0.007 -0.005 0.004 
unity_SHBr
  0.005 -0.009 0.016 0.371 
unity_SHBg
  -0.182 0.011 -0.013 -0.010 
unity_SHBb
  0.008 0.009 -0.016 0.028 
unity_SHC
  0.496 -0.098 0.024 -0.028 

----------------------------------
_BaseMap_ST
  4.000 4.000 0.000 0.000 
_BaseColor
  1.000 1.000 1.000 1.000 
_SpecColor
  0.033 0.033 0.033 1.000 
_EmissionColor
  0.000 0.000 0.000 1.000 
_Cutoff
  0.500 
_Smoothness
  1.000 
_Metallic
  0.000 
_BumpScale
  1.000 
_OcclusionStrength
  1.000 

----------------------------------
_LightDirection
  -0.542 0.707 0.455 
_ShadowBias
  -0.044 -0.044 0.000 0.000 
hlslcc_mtx4x4unity_MatrixVP
  0.060 0.071 0.052 0.000 
  0.078 0.000 -0.068 0.000 
  -0.050 0.085 -0.044 0.000 
  -0.139 0.250 -0.218 1.000 


----------------------------------

```


