
<meta charset="utf-8" emacsmode="-*- markdown -*-">
<link rel="stylesheet" href="../src/company-api.css">
<script src="../src/rdc.js" charset="utf-8"></script>
<script src="../src/markdeep.min.js" charset="utf-8"></script>
<script src="../src/lazysizes.js" charset="utf-8"></script>

# VS
```glsl
hlslcc_mtx4x4unity_ObjectToWorld
  0.000 1.000 0.000 0.000 
  0.612 -0.000 -0.534 0.000 
  -0.657 0.000 -0.754 0.000 
  2.674 0.813 0.820 1.000 

hlslcc_mtx4x4unity_WorldToObject
  0.000 0.928 -0.657 0.000 
  1.000 0.000 0.000 0.000 
  -0.000 -0.809 -0.754 0.000 
  -0.813 -1.817 2.375 1.000 

unity_LODFade
  0.000 0.000 0.000 0.000 
unity_WorldTransformParams
  0.000 0.000 0.000 1.000 
unity_LightData
  0.000 1.000 0.000 0.000 
unity_LightIndices
  -0.528 0.000 -0.849 0.000 
  2.886 -0.759 -0.784 1.000 

unity_ProbesOcclusion
  0.000 0.000 0.000 0.000 
unity_SpecCube0_HDR
  0.000 0.000 0.000 1.000 
unity_LightmapST
  3477297152.000 0.000 0.000 0.004 
unity_DynamicLightmapST
  0.000 18129027760595222860323523487858688.000 0.000 0.000 
unity_SHAr
  0.000 3838859280384.000 3277341952.000 0.000 
unity_SHAg
  323829862855771484028624139787960320.000 19500084691559373133894691848192.000 867864647041024.000 222597005312.000 
unity_SHAb
  14132803809217143945795063001382912.000 0.003 0.000 18129027760595222860323523487858688.000 
unity_SHBr
  0.000 0.000 72733678917588422230016.000 18178977809439424059550830952448.000 
unity_SHBg
  0.000 1201057545397429102559887360.000 0.000 0.000 
unity_SHBb
  202983171331564875604797050322944.000 272631578300174565376.000 14132863230339029644048258159345664.000 0.039 
unity_SHC
  4232816196175217557504.000 17665425613453787136.000 71439624071474139925882519683072.000 0.000 

----------------------------------
_BaseMap_ST
  4.000 4.000 0.000 0.000 
_BaseColor
  1.000 1.000 1.000 1.000 
_SpecColor
  0.033 0.033 0.033 1.000 
_EmissionColor
  0.000 0.000 0.000 1.000 
_Cutoff
  0.500 
_Smoothness
  1.000 
_Metallic
  0.000 
_BumpScale
  1.000 
_OcclusionStrength
  1.000 

----------------------------------
_LightDirection
  0.438 -0.000 -0.899 
_ShadowBias
  -0.029 -0.029 0.000 0.000 
hlslcc_mtx4x4unity_MatrixVP
  0.899 0.000 -0.469 -0.438 
  0.000 1.000 0.000 0.000 
  0.438 0.000 0.961 0.899 
  -0.016 -1.467 2.679 2.893 


----------------------------------

```


