
<meta charset="utf-8" emacsmode="-*- markdown -*-">
<link rel="stylesheet" href="../src/company-api.css">
<script src="../src/rdc.js" charset="utf-8"></script>
<script src="../src/markdeep.min.js" charset="utf-8"></script>
<script src="../src/lazysizes.js" charset="utf-8"></script>

# VS
```glsl
hlslcc_mtx4x4unity_ObjectToWorld
  -0.817 0.000 0.577 0.000 
  0.000 1.000 0.000 0.000 
  -0.577 0.000 -0.817 0.000 
  2.667 0.382 1.010 1.000 

hlslcc_mtx4x4unity_WorldToObject
  -0.817 0.000 -0.577 0.000 
  0.000 1.000 0.000 0.000 
  0.577 0.000 -0.817 0.000 
  1.595 -0.382 2.365 1.000 

unity_LODFade
  0.000 0.000 0.000 0.000 
unity_WorldTransformParams
  0.000 0.000 0.000 1.000 
unity_LightData
  0.000 0.000 0.000 0.000 
unity_LightIndices
  0.000 0.000 0.000 0.000 
  0.000 0.000 17663152922919174144.000 71439624071474139925882519683072.000 

unity_ProbesOcclusion
  0.000 0.000 -6243256820442333184.000 71439624071474139925882519683072.000 
unity_SpecCube0_HDR
  -0.000 0.000 0.000 0.000 
unity_LightmapST
  0.003 0.000 0.000 0.000 
unity_DynamicLightmapST
  0.000 0.000 0.000 0.000 
unity_SHAr
  0.000 0.000 262232801944948178944.000 3993158619185374390386688.000 
unity_SHAg
  -0.849 0.000 -0.528 0.000 
unity_SHAb
  0.000 1.000 0.000 0.000 
unity_SHBr
  0.528 0.000 -0.849 0.000 
unity_SHBg
  2.865 0.759 0.857 1.000 
unity_SHBb
  -0.849 0.000 0.528 0.000 
unity_SHC
  0.000 1.000 0.000 0.000 

----------------------------------
_BaseMap_ST
  2.000 2.000 0.000 0.000 
_BaseColor
  0.036 0.140 0.673 1.000 
_SpecColor
  0.033 0.033 0.033 1.000 
_EmissionColor
  0.000 0.000 0.000 1.000 
_Cutoff
  0.500 
_Smoothness
  1.000 
_Metallic
  0.000 
_BumpScale
  1.000 
_OcclusionStrength
  1.000 

----------------------------------
_LightDirection
  0.438 -0.000 -0.899 
_ShadowBias
  -0.029 -0.029 0.000 0.000 
hlslcc_mtx4x4unity_MatrixVP
  0.899 0.000 -0.469 -0.438 
  0.000 1.000 0.000 0.000 
  0.438 0.000 0.961 0.899 
  -0.016 -1.467 2.679 2.893 


----------------------------------

```


