
<meta charset="utf-8" emacsmode="-*- markdown -*-">
<link rel="stylesheet" href="../src/company-api.css">
<script src="../src/rdc.js" charset="utf-8"></script>
<script src="../src/markdeep.min.js" charset="utf-8"></script>
<script src="../src/lazysizes.js" charset="utf-8"></script>

# VS
```glsl
hlslcc_mtx4x4unity_ObjectToWorld
  -0.438 0.000 0.899 0.000 
  0.000 1.000 0.000 0.000 
  -0.899 0.000 -0.438 0.000 
  1.327 0.631 -2.685 1.000 

hlslcc_mtx4x4unity_WorldToObject
  -0.438 0.000 -0.899 0.000 
  0.000 1.000 0.000 0.000 
  0.899 0.000 -0.438 0.000 
  2.995 -0.631 0.016 1.000 

unity_LODFade
  0.000 0.000 0.000 0.000 
unity_WorldTransformParams
  0.000 0.000 0.000 1.000 
unity_LightData
  0.000 0.000 0.000 0.000 
unity_LightIndices
  0.000 1201057545397429102559887360.000 0.000 17663184808756379648.000 
  71439624071474139925882519683072.000 20134796395427242394588004814422016.000 0.000 18129027760595222860323523487858688.000 

unity_ProbesOcclusion
  5.820 0.000 -0.000 0.000 
unity_SpecCube0_HDR
  0.000 0.000 -0.000 0.000 
unity_LightmapST
  -0.000 0.000 0.000 0.000 
unity_DynamicLightmapST
  0.000 0.000 0.000 0.000 
unity_SHAr
  0.000 0.000 0.000 0.000 
unity_SHAg
  0.000 0.000 0.039 18129027760595222860323523487858688.000 
unity_SHAb
  0.000 0.000 -6243256820442333184.000 0.000 
unity_SHBr
  -0.000 0.000 0.000 0.000 
unity_SHBg
  0.000 0.000 -0.000 0.000 
unity_SHBb
  40566066818749183145202799345664.000 80539190533469126719873118854184960.000 0.000 18129043853815733570267097176473600.000 
unity_SHC
  0.000 0.000 0.000 0.000 

----------------------------------
_BaseMap_ST
  1.000 1.000 0.000 0.000 
_BaseColor
  1.000 1.000 1.000 1.000 
_SpecColor
  0.033 0.033 0.033 1.000 
_EmissionColor
  0.000 0.000 0.000 1.000 
_Cutoff
  0.500 
_Smoothness
  1.000 
_Metallic
  0.000 
_BumpScale
  1.000 
_OcclusionStrength
  1.000 

----------------------------------
_LightDirection
  0.438 -0.000 -0.899 
_ShadowBias
  -0.029 -0.029 0.000 0.000 
hlslcc_mtx4x4unity_MatrixVP
  0.899 0.000 -0.469 -0.438 
  0.000 1.000 0.000 0.000 
  0.438 0.000 0.961 0.899 
  -0.016 -1.467 2.679 2.893 


----------------------------------

```


