
<meta charset="utf-8" emacsmode="-*- markdown -*-">
<link rel="stylesheet" href="../src/company-api.css">
<script src="../src/rdc.js" charset="utf-8"></script>
<script src="../src/markdeep.min.js" charset="utf-8"></script>
<script src="../src/lazysizes.js" charset="utf-8"></script>

# VS
```glsl
hlslcc_mtx4x4unity_ObjectToWorld
  -0.918 -0.007 0.397 0.000 
  -0.397 -0.000 -0.918 0.000 
  0.007 -1.000 -0.003 0.000 
  2.836 0.396 1.189 1.000 

hlslcc_mtx4x4unity_WorldToObject
  -0.918 -0.397 0.007 0.000 
  -0.007 -0.000 -1.000 0.000 
  0.397 -0.918 -0.003 0.000 
  2.134 2.217 0.380 1.000 

unity_LODFade
  0.000 0.000 0.000 0.000 
unity_WorldTransformParams
  0.000 0.000 0.000 1.000 
unity_LightData
  17663152922919174144.000 71439624071474139925882519683072.000 0.000 17663184808756379648.000 
unity_LightIndices
  71439624071474139925882519683072.000 0.000 18129027760595222860323523487858688.000 0.000 
  0.000 0.000 1201057545397429102559887360.000 0.000 

unity_ProbesOcclusion
  0.000 1201057545397429102559887360.000 0.000 0.000 
unity_SpecCube0_HDR
  72394674959237735514112.000 244.380 56606219547968798403275840144015360.000 0.000 
unity_LightmapST
  17663152922919174144.000 71439624071474139925882519683072.000 80539150919387869587704322082209792.000 0.000 
unity_DynamicLightmapST
  1201057545397429102559887360.000 0.000 0.000 17663163918035451904.000 
unity_SHAr
  71439624071474139925882519683072.000 80539155871148026729225421678706688.000 0.000 1201057545397429102559887360.000 
unity_SHAg
  0.000 0.004 0.000 18129027760595222860323523487858688.000 
unity_SHAb
  0.000 323829862855771484028624139787960320.000 203126772376121979716685348732928.000 272631578300174565376.000 
unity_SHBr
  14131912492388858471997135631941632.000 0.000 4232816196175217557504.000 0.000 
unity_SHBg
  0.000 0.000 0.000 0.000 
unity_SHBb
  0.000 0.000 0.000 0.000 
unity_SHC
  0.000 202983171331564875604797050322944.000 272631578300174565376.000 3532978123097214617999283907985408.000 

----------------------------------
_BaseMap_ST
  1.000 1.000 0.000 0.000 
_BaseColor
  1.000 1.000 1.000 1.000 
_SpecColor
  0.033 0.033 0.033 1.000 
_EmissionColor
  0.000 0.000 0.000 1.000 
_Cutoff
  0.500 
_Smoothness
  1.000 
_Metallic
  0.000 
_BumpScale
  1.000 
_OcclusionStrength
  1.000 

----------------------------------
_LightDirection
  -0.542 0.707 0.455 
_ShadowBias
  -0.044 -0.044 0.000 0.000 
hlslcc_mtx4x4unity_MatrixVP
  0.060 0.071 0.052 0.000 
  0.078 0.000 -0.068 0.000 
  -0.050 0.085 -0.044 0.000 
  -0.139 0.250 -0.218 1.000 


----------------------------------

```


