
<meta charset="utf-8" emacsmode="-*- markdown -*-">
<link rel="stylesheet" href="../src/company-api.css">
<script src="../src/rdc.js" charset="utf-8"></script>
<script src="../src/markdeep.min.js" charset="utf-8"></script>
<script src="../src/lazysizes.js" charset="utf-8"></script>

# VS
```glsl
hlslcc_mtx4x4unity_ObjectToWorld
  -0.657 0.000 -0.754 0.000 
  0.000 1.000 0.000 0.000 
  0.754 0.000 -0.657 0.000 
  2.714 0.531 1.062 1.000 

hlslcc_mtx4x4unity_WorldToObject
  -0.657 0.000 0.754 0.000 
  0.000 1.000 0.000 0.000 
  -0.754 0.000 -0.657 0.000 
  2.584 -0.531 -1.347 1.000 

unity_LODFade
  0.000 0.000 0.000 0.000 
unity_WorldTransformParams
  0.000 0.000 0.000 1.000 
unity_LightData
  73977386644899334113875627868160.000 216445.891 0.000 1201057545397429102559887360.000 
unity_LightIndices
  0.000 0.000 17663152922919174144.000 71439624071474139925882519683072.000 
  0.000 70601555929849798851198713856.000 18968183058381534970851098624.000 17975107461463408640.000 

unity_ProbesOcclusion
  912750877547453761978368.000 17663166117058707456.000 71439624071474139925882519683072.000 0.000 
unity_SpecCube0_HDR
  0.000 1201057545397429102559887360.000 0.000 0.000 
unity_LightmapST
  0.000 73977386644899334113875627868160.000 216445.891 0.000 
unity_DynamicLightmapST
  1201057545397429102559887360.000 0.000 0.000 19500070184449537758344595374080.000 
unity_SHAr
  867864647041024.000 222597005312.000 14132803809217143945795063001382912.000 0.039 
unity_SHAg
  18129027760595222860323523487858688.000 0.000 323829862855771484028624139787960320.000 0.000 
unity_SHAb
  17663152922919174144.000 71439624071474139925882519683072.000 80539150919387869587704322082209792.000 0.000 
unity_SHBr
  1201057545397429102559887360.000 0.000 0.000 17663165017547079680.000 
unity_SHBg
  71439624071474139925882519683072.000 80539160822908183870746521275203584.000 0.000 811932685326259502419188201291776.000 
unity_SHBb
  3397.966 3477297152.000 0.000 0.000 
unity_SHC
  5.820 0.000 -0.000 0.000 

----------------------------------
_BaseMap_ST
  3.000 3.000 0.000 0.000 
_BaseColor
  1.000 1.000 1.000 1.000 
_SpecColor
  0.033 0.033 0.033 1.000 
_EmissionColor
  0.000 0.000 0.000 1.000 
_Cutoff
  0.500 
_Smoothness
  1.000 
_Metallic
  0.000 
_BumpScale
  1.000 
_OcclusionStrength
  1.000 

----------------------------------
_LightDirection
  0.438 -0.000 -0.899 
_ShadowBias
  -0.029 -0.029 0.000 0.000 
hlslcc_mtx4x4unity_MatrixVP
  0.899 0.000 -0.469 -0.438 
  0.000 1.000 0.000 0.000 
  0.438 0.000 0.961 0.899 
  -0.016 -1.467 2.679 2.893 


----------------------------------

```


