
<meta charset="utf-8" emacsmode="-*- markdown -*-">
<link rel="stylesheet" href="../src/company-api.css">
<script src="../src/rdc.js" charset="utf-8"></script>
<script src="../src/markdeep.min.js" charset="utf-8"></script>
<script src="../src/lazysizes.js" charset="utf-8"></script>

# VS
```glsl
hlslcc_mtx4x4unity_ObjectToWorld
  0.912 0.000 0.410 0.000 
  0.410 -0.031 -0.912 0.000 
  0.013 1.000 -0.028 0.000 
  0.844 0.010 -0.383 1.000 

hlslcc_mtx4x4unity_WorldToObject
  0.912 0.410 0.013 0.000 
  0.000 -0.031 1.000 0.000 
  0.410 -0.912 -0.028 0.000 
  -0.613 -0.695 -0.032 1.000 

unity_LODFade
  0.000 0.000 0.000 0.000 
unity_WorldTransformParams
  0.000 0.000 0.000 1.000 
unity_LightData
  0.000 0.000 0.000 1.000 
unity_LightIndices
  0.000 3458410479616.000 894948928.000 222559354880.000 
  72643624939439521792000.000 203083502503186332909264265281536.000 79316175099297370989568178471829504.000 4740642721179124273901914292224.000 

unity_ProbesOcclusion
  4206862379498673114163665960960.000 287392796693013379153920.000 15934798848.000 4360775176424221659036123136.000 
unity_SpecCube0_HDR
  0.000 3458410479616.000 894948928.000 222559354880.000 
unity_LightmapST
  72643624939439521792000.000 203083502503186332909264265281536.000 79316175099297370989568178471829504.000 1101720188529662863867904.000 
unity_DynamicLightmapST
  226496862047065604096.000 0.000 845136.562 15348422148096.000 
unity_SHAr
  3326692864.000 812827870717167743030474630496256.000 0.000 73977386644899334113875627868160.000 
unity_SHAg
  15441982754580617924444160.000 1001094.438 4305328090825556492288.000 0.000 
unity_SHAb
  0.000 3458410479616.000 894948928.000 222559354880.000 
unity_SHBr
  72643624939439521792000.000 203083502503186332909264265281536.000 79316175099297370989568178471829504.000 74992535067150549581668810752.000 
unity_SHBg
  4083507712.000 299657680847917418914694744244224.000 18523599407626634374441598976.000 9417314533376.000 
unity_SHBb
  3734580901183488.000 845141.938 220525664.000 4232816196175217557504.000 
unity_SHC
  18965689648878579798178267136.000 17975107461463408640.000 4232398205834802233344.000 66838620127747773562880.000 

----------------------------------
_BaseMap_ST
  1.000 1.000 0.000 0.000 
_BaseColor
  1.000 1.000 1.000 1.000 
_SpecColor
  0.033 0.033 0.033 1.000 
_EmissionColor
  0.000 0.000 0.000 1.000 
_Cutoff
  0.500 
_Smoothness
  1.000 
_Metallic
  0.000 
_BumpScale
  1.000 
_OcclusionStrength
  1.000 

----------------------------------
_LightDirection
  0.438 -0.000 -0.899 
_ShadowBias
  -0.029 -0.029 0.000 0.000 
hlslcc_mtx4x4unity_MatrixVP
  0.899 0.000 -0.469 -0.438 
  0.000 1.000 0.000 0.000 
  0.438 0.000 0.961 0.899 
  -0.016 -1.467 2.679 2.893 


----------------------------------

```


