
<meta charset="utf-8" emacsmode="-*- markdown -*-">
<link rel="stylesheet" href="../src/company-api.css">
<script src="../src/rdc.js" charset="utf-8"></script>
<script src="../src/markdeep.min.js" charset="utf-8"></script>
<script src="../src/lazysizes.js" charset="utf-8"></script>

# VS
```glsl
hlslcc_mtx4x4unity_ObjectToWorld
  -0.438 0.000 0.899 0.000 
  0.000 1.000 0.000 0.000 
  -0.899 0.000 -0.438 0.000 
  1.299 1.463 -2.627 1.000 

hlslcc_mtx4x4unity_WorldToObject
  -0.438 0.000 -0.899 0.000 
  0.000 1.000 0.000 0.000 
  0.899 0.000 -0.438 0.000 
  2.931 -1.463 0.016 1.000 

unity_LODFade
  0.000 0.000 0.000 0.000 
unity_WorldTransformParams
  0.000 0.000 0.000 1.000 
unity_LightData
  0.000 18971814558206861728020430848.000 17975107461463408640.000 4840446196680319792734370004992.000 
unity_LightIndices
  14392861696.000 0.003 275239436781786887094272.000 877383385088.000 
  14070173223719272448.000 48.326 15343045050368.000 3326692864.000 

unity_ProbesOcclusion
  55.826 3172.396 9505653915648.000 3734580901183488.000 
unity_SpecCube0_HDR
  844142528.000 52809.266 0.000 275587240773809455759360.000 
unity_LightmapST
  0.000 73977231902394423441341265477632.000 4542038574144103571137421639680.000 4572595216328919831338468834803712.000 
unity_DynamicLightmapST
  0.000 17259775644150159841951744.000 9417359622144.000 3734580901183488.000 
unity_SHAr
  845141.938 220525664.000 4232816196175217557504.000 1122491460434950520301420544.000 
unity_SHAg
  4195225494510486159360.000 19830292856323981696089417834299392.000 228772325086220194172831512133632.000 79316175099297370989568178471829504.000 
unity_SHAb
  68398013656434974465720320.000 4198558334976.000 4740647556882402732418613116928.000 0.000 
unity_SHBr
  0.000 3458410479616.000 894948928.000 222559354880.000 
unity_SHBg
  72643624939439521792000.000 3026180006611143542964224.000 4361748624007300644864.000 75226381101879270557948265365504.000 
unity_SHBb
  0.000 73977386644899334113875627868160.000 66654696470797006774495870976.000 3924287815680.000 
unity_SHC
  68398087443411269303926784.000 68789179760246784.000 0.000 845136.562 

----------------------------------
_BaseMap_ST
  1.000 1.000 0.000 0.000 
_BaseColor
  1.000 1.000 1.000 1.000 
_SpecColor
  0.033 0.033 0.033 1.000 
_EmissionColor
  0.000 0.000 0.000 1.000 
_Cutoff
  0.500 
_Smoothness
  1.000 
_Metallic
  0.000 
_BumpScale
  1.000 
_OcclusionStrength
  1.000 

----------------------------------
_LightDirection
  -0.542 0.707 0.455 
_ShadowBias
  -0.171 -0.171 0.000 0.000 
hlslcc_mtx4x4unity_MatrixVP
  0.015 0.018 0.014 0.000 
  0.020 0.000 -0.018 0.000 
  -0.013 0.022 -0.012 0.000 
  -0.055 0.521 -0.313 1.000 


----------------------------------

```


