
<meta charset="utf-8" emacsmode="-*- markdown -*-">
<link rel="stylesheet" href="../src/company-api.css">
<script src="../src/rdc.js" charset="utf-8"></script>
<script src="../src/markdeep.min.js" charset="utf-8"></script>
<script src="../src/lazysizes.js" charset="utf-8"></script>

# VS
```glsl
hlslcc_mtx4x4unity_ObjectToWorld
  -0.657 0.000 -0.754 0.000 
  0.000 1.000 0.000 0.000 
  0.754 0.000 -0.657 0.000 
  2.714 0.730 1.062 1.000 

hlslcc_mtx4x4unity_WorldToObject
  -0.657 0.000 0.754 0.000 
  0.000 1.000 0.000 0.000 
  -0.754 0.000 -0.657 0.000 
  2.584 -0.730 -1.347 1.000 

unity_LODFade
  0.000 0.000 0.000 0.000 
unity_WorldTransformParams
  0.000 0.000 0.000 1.000 
unity_LightData
  0.002 0.000 18129027760595222860323523487858688.000 0.000 
unity_LightIndices
  323829862855771484028624139787960320.000 203126772376121979716685348732928.000 272631578300174565376.000 14132546317688972586697883983544320.000 
  0.000 18129027760595222860323523487858688.000 0.000 323829862855771484028624139787960320.000 

unity_ProbesOcclusion
  0.000 17663152922919174144.000 71439624071474139925882519683072.000 80539175678188655295309820064694272.000 
unity_SpecCube0_HDR
  0.000 17666820893709434880.000 71439624071474139925882519683072.000 80539165774668341012267620871700480.000 
unity_LightmapST
  0.000 4232816196175217557504.000 0.000 0.000 
unity_DynamicLightmapST
  0.000 0.000 0.000 17663152922919174144.000 
unity_SHAr
  71439624071474139925882519683072.000 80539165774668341012267620871700480.000 0.000 1201057545397429102559887360.000 
unity_SHAg
  0.000 0.000 72643467313452563824640.000 0.000 
unity_SHAb
  0.000 0.000 0.000 0.000 
unity_SHBr
  0.000 0.000 0.000 0.000 
unity_SHBg
  0.000 0.000 0.000 1201057545397429102559887360.000 
unity_SHBb
  0.000 0.000 0.000 0.000 
unity_SHC
  0.000 0.000 0.000 0.000 

----------------------------------
_BaseMap_ST
  3.000 3.000 0.000 0.000 
_BaseColor
  1.000 0.727 0.005 1.000 
_SpecColor
  0.033 0.033 0.033 1.000 
_EmissionColor
  0.000 0.000 0.000 1.000 
_Cutoff
  0.500 
_Smoothness
  1.000 
_Metallic
  0.000 
_BumpScale
  1.000 
_OcclusionStrength
  1.000 

----------------------------------
_LightDirection
  -0.542 0.707 0.455 
_ShadowBias
  -0.044 -0.044 0.000 0.000 
hlslcc_mtx4x4unity_MatrixVP
  0.060 0.071 0.052 0.000 
  0.078 0.000 -0.068 0.000 
  -0.050 0.085 -0.044 0.000 
  -0.139 0.250 -0.218 1.000 


----------------------------------

```


