
<meta charset="utf-8" emacsmode="-*- markdown -*-">
<link rel="stylesheet" href="../src/company-api.css">
<script src="../src/rdc.js" charset="utf-8"></script>
<script src="../src/markdeep.min.js" charset="utf-8"></script>
<script src="../src/lazysizes.js" charset="utf-8"></script>

# VS
```glsl
hlslcc_mtx4x4unity_ObjectToWorld
  -0.817 0.000 0.577 0.000 
  0.000 1.000 0.000 0.000 
  -0.577 0.000 -0.817 0.000 
  2.667 0.382 1.010 1.000 

hlslcc_mtx4x4unity_WorldToObject
  -0.817 0.000 -0.577 0.000 
  0.000 1.000 0.000 0.000 
  0.577 0.000 -0.817 0.000 
  1.595 -0.382 2.365 1.000 

unity_LODFade
  0.000 0.000 0.000 0.000 
unity_WorldTransformParams
  0.000 0.000 0.000 1.000 
unity_LightData
  18971814558206861728020430848.000 17975107461463408640.000 69177951903790594523136.000 65751524991482255648795656192.000 
unity_LightIndices
  0.000 0.000 -6243256820442333184.000 3495915008.000 
  0.000 0.000 20158328397634018188233562266796032.000 203037640693293432336892611788800.000 

unity_ProbesOcclusion
  0.000 0.000 -6243256820442333184.000 1201057545397429102559887360.000 
unity_SpecCube0_HDR
  0.000 1.000 1.000 0.000 
unity_LightmapST
  0.000 -1.191 -0.323 -0.028 
unity_DynamicLightmapST
  1.000 -0.000 0.000 -1.000 
unity_SHAr
  0.000 0.000 1.000 0.000 
unity_SHAg
  0.000 1.000 0.000 -0.000 
unity_SHAb
  0.000 2.380 1.490 -2.480 
unity_SHBr
  1.000 0.000 0.000 0.000 
unity_SHBg
  0.000 0.000 0.000 -0.000 
unity_SHBb
  nan 0.000 1.189 1.167 
unity_SHC
  -2.508 2.474 1.250 0.625 

----------------------------------
_BaseMap_ST
  3.000 3.000 0.000 0.000 
_BaseColor
  0.127 0.127 0.127 1.000 
_SpecColor
  0.033 0.033 0.033 1.000 
_EmissionColor
  0.000 0.000 0.000 1.000 
_Cutoff
  0.500 
_Smoothness
  1.000 
_Metallic
  0.000 
_BumpScale
  1.000 
_OcclusionStrength
  1.000 

----------------------------------
_LightDirection
  -0.542 0.707 0.455 
_ShadowBias
  -0.044 -0.044 0.000 0.000 
hlslcc_mtx4x4unity_MatrixVP
  0.060 0.071 0.052 0.000 
  0.078 0.000 -0.068 0.000 
  -0.050 0.085 -0.044 0.000 
  -0.139 0.250 -0.218 1.000 


----------------------------------

```


