
<meta charset="utf-8" emacsmode="-*- markdown -*-">
<link rel="stylesheet" href="../src/company-api.css">
<script src="../src/rdc.js" charset="utf-8"></script>
<script src="../src/markdeep.min.js" charset="utf-8"></script>
<script src="../src/lazysizes.js" charset="utf-8"></script>

# VS
```glsl
hlslcc_mtx4x4unity_ObjectToWorld
  0.912 0.000 0.410 0.000 
  0.410 -0.031 -0.912 0.000 
  0.013 1.000 -0.028 0.000 
  0.844 0.010 -0.383 1.000 

hlslcc_mtx4x4unity_WorldToObject
  0.912 0.410 0.013 0.000 
  0.000 -0.031 1.000 0.000 
  0.410 -0.912 -0.028 0.000 
  -0.613 -0.695 -0.032 1.000 

unity_LODFade
  0.000 0.000 0.000 0.000 
unity_WorldTransformParams
  0.000 0.000 0.000 1.000 
unity_LightData
  1108037919944365022742839296.000 0.000 202983171331564875604797050322944.000 272631578300174565376.000 
unity_LightIndices
  14132229405038915529347509807742976.000 2955883572229096603648.000 293862892590966200957610754048.000 18129037664115537143365722680852480.000 
  0.000 0.000 0.000 0.000 

unity_ProbesOcclusion
  0.000 17259775644150159841951744.000 0.000 17663152922919174144.000 
unity_SpecCube0_HDR
  71439624071474139925882519683072.000 0.000 72053257071486778212352.000 4861736287058098123472826793984.000 
unity_LightmapST
  223.158 72738344646802378063872.000 77130226496828059333375744278528.000 0.000 
unity_DynamicLightmapST
  1201057545397429102559887360.000 0.000 0.000 0.000 
unity_SHAr
  202983171331564875604797050322944.000 272631578300174565376.000 56536523523757031493799019450204160.000 50781693094030494929171337183232.000 
unity_SHAg
  309902911298669453737893486919680.000 12134230115345235968.000 1229408388648382800053321003433984.000 17850289012973500606385842290688.000 
unity_SHAb
  0.000 18129027760595222860323523487858688.000 0.000 0.000 
unity_SHBr
  0.000 0.000 1201057545397429102559887360.000 0.000 
unity_SHBg
  0.039 18129027760595222860323523487858688.000 0.000 0.004 
unity_SHBb
  275239436781786887094272.000 0.000 3458410479616.000 773.490 
unity_SHC
  3460649472.000 0.000 0.000 18129027760595222860323523487858688.000 

----------------------------------
_BaseMap_ST
  1.000 1.000 0.000 0.000 
_BaseColor
  1.000 1.000 1.000 1.000 
_SpecColor
  0.033 0.033 0.033 1.000 
_EmissionColor
  0.000 0.000 0.000 1.000 
_Cutoff
  0.500 
_Smoothness
  1.000 
_Metallic
  0.000 
_BumpScale
  1.000 
_OcclusionStrength
  1.000 

----------------------------------
_LightDirection
  -0.542 0.707 0.455 
_ShadowBias
  -0.044 -0.044 0.000 0.000 
hlslcc_mtx4x4unity_MatrixVP
  0.060 0.071 0.052 0.000 
  0.078 0.000 -0.068 0.000 
  -0.050 0.085 -0.044 0.000 
  -0.139 0.250 -0.218 1.000 


----------------------------------

```


