
<meta charset="utf-8" emacsmode="-*- markdown -*-">
<link rel="stylesheet" href="../src/company-api.css">
<script src="../src/rdc.js" charset="utf-8"></script>
<script src="../src/markdeep.min.js" charset="utf-8"></script>
<script src="../src/lazysizes.js" charset="utf-8"></script>

# VS
```glsl
hlslcc_mtx4x4unity_ObjectToWorld
  -0.438 0.000 0.899 0.000 
  0.000 1.000 0.000 0.000 
  -0.899 0.000 -0.438 0.000 
  1.327 0.631 -2.685 1.000 

hlslcc_mtx4x4unity_WorldToObject
  -0.438 0.000 -0.899 0.000 
  0.000 1.000 0.000 0.000 
  0.899 0.000 -0.438 0.000 
  2.995 -0.631 0.016 1.000 

unity_LODFade
  0.000 0.000 0.000 0.000 
unity_WorldTransformParams
  0.000 0.000 0.000 1.000 
unity_LightData
  3458410479616.000 894948928.000 222559354880.000 72643624939439521792000.000 
unity_LightIndices
  203083502503186332909264265281536.000 79316175099297370989568178471829504.000 74992535067150549581668810752.000 4083507712.000 
  299657680847917418914694744244224.000 18523599407626634374441598976.000 9417314533376.000 3734580901183488.000 

unity_ProbesOcclusion
  845141.938 220525664.000 4232816196175217557504.000 18965689648878579798178267136.000 
unity_SpecCube0_HDR
  17975107461463408640.000 4232398205834802233344.000 66838620127747773562880.000 801.487 
unity_LightmapST
  0.000 3458410479616.000 894948928.000 222559354880.000 
unity_DynamicLightmapST
  72643624939439521792000.000 203083502503186332909264265281536.000 79316175099297370989568178471829504.000 1101720188529662863867904.000 
unity_SHAr
  273766643735946330112.000 0.003 893534848.000 15660222068622884864.000 
unity_SHAg
  12883.583 0.000 0.000 18017340765161740673482752.000 
unity_SHAb
  893.898 4360480028519042306210267136.000 15443144899457261626195968.000 4727534817837240861029564416.000 
unity_SHBr
  3632494018560.000 9417314533376.000 3734580901183488.000 845141.938 
unity_SHBg
  220525664.000 4232816196175217557504.000 18965689648878579798178267136.000 17975107461463408640.000 
unity_SHBb
  3828354656700795503680916815872.000 9417314533376.000 3734580901183488.000 845141.938 
unity_SHC
  220525664.000 4232816196175217557504.000 18965689648878579798178267136.000 17975107461463408640.000 

----------------------------------
_BaseMap_ST
  1.000 1.000 0.000 0.000 
_BaseColor
  1.000 1.000 1.000 1.000 
_SpecColor
  0.033 0.033 0.033 1.000 
_EmissionColor
  0.000 0.000 0.000 1.000 
_Cutoff
  0.500 
_Smoothness
  1.000 
_Metallic
  0.000 
_BumpScale
  1.000 
_OcclusionStrength
  1.000 

----------------------------------
_LightDirection
  -0.542 0.707 0.455 
_ShadowBias
  -0.171 -0.171 0.000 0.000 
hlslcc_mtx4x4unity_MatrixVP
  0.015 0.018 0.014 0.000 
  0.020 0.000 -0.018 0.000 
  -0.013 0.022 -0.012 0.000 
  -0.055 0.521 -0.313 1.000 


----------------------------------

```


