
<meta charset="utf-8" emacsmode="-*- markdown -*-">
<link rel="stylesheet" href="../src/company-api.css">
<script src="../src/rdc.js" charset="utf-8"></script>
<script src="../src/markdeep.min.js" charset="utf-8"></script>
<script src="../src/lazysizes.js" charset="utf-8"></script>

# VS
```glsl
hlslcc_mtx4x4unity_ObjectToWorld
  -0.657 0.000 -0.754 0.000 
  0.000 1.000 0.000 0.000 
  0.754 0.000 -0.657 0.000 
  2.714 0.566 1.062 1.000 

hlslcc_mtx4x4unity_WorldToObject
  -0.657 0.000 0.754 0.000 
  0.000 1.000 0.000 0.000 
  -0.754 0.000 -0.657 0.000 
  2.584 -0.566 -1.347 1.000 

unity_LODFade
  0.000 0.000 0.000 0.000 
unity_WorldTransformParams
  0.000 0.000 0.000 1.000 
unity_LightData
  0.000 0.000 -159819993353053976896156467200.000 0.000 
unity_LightIndices
  40961.004 0.000 nan 4543578745638292608705997307904.000 
  0.000 0.000 0.000 inf 

unity_ProbesOcclusion
  inf inf 0.000 0.000 
unity_SpecCube0_HDR
  1.000 1.000 0.000 0.000 
unity_LightmapST
  1.000 1.000 18360675024626136668700672.000 0.000 
unity_DynamicLightmapST
  287702149945812256247565516800.000 75555349160209524990452611153920.000 12030225867914648485888.000 18058448670247215755715149824.000 
unity_SHAr
  52461972.000 195.298 12.892 14216810691469246464.000 
unity_SHAg
  12883.583 14794974587284094976.000 12693.314 0.000 
unity_SHAb
  0.000 52461976.000 195.298 12.892 
unity_SHBr
  14216810691469246464.000 12883.583 14794974587284094976.000 12693.314 
unity_SHBg
  0.000 1.914 0.000 1.000 
unity_SHBb
  -160228610280083721557207154688.000 0.000 nan nan 
unity_SHC
  0.000 0.000 -159819993353053976896156467200.000 0.000 

----------------------------------
_BaseMap_ST
  3.000 3.000 0.000 0.000 
_BaseColor
  1.000 1.000 1.000 1.000 
_SpecColor
  0.033 0.033 0.033 1.000 
_EmissionColor
  0.000 0.000 0.000 1.000 
_Cutoff
  0.500 
_Smoothness
  1.000 
_Metallic
  0.000 
_BumpScale
  1.000 
_OcclusionStrength
  1.000 

----------------------------------
_LightDirection
  -0.542 0.707 0.455 
_ShadowBias
  -0.044 -0.044 0.000 0.000 
hlslcc_mtx4x4unity_MatrixVP
  0.060 0.071 0.052 0.000 
  0.078 0.000 -0.068 0.000 
  -0.050 0.085 -0.044 0.000 
  -0.139 0.250 -0.218 1.000 


----------------------------------

```


