
<meta charset="utf-8" emacsmode="-*- markdown -*-">
<link rel="stylesheet" href="../src/company-api.css">
<script src="../src/rdc.js" charset="utf-8"></script>
<script src="../src/markdeep.min.js" charset="utf-8"></script>
<script src="../src/lazysizes.js" charset="utf-8"></script>

# VS
```glsl
hlslcc_mtx4x4unity_ObjectToWorld
  -0.657 0.000 -0.754 0.000 
  0.000 1.000 0.000 0.000 
  0.754 0.000 -0.657 0.000 
  2.714 0.531 1.062 1.000 

hlslcc_mtx4x4unity_WorldToObject
  -0.657 0.000 0.754 0.000 
  0.000 1.000 0.000 0.000 
  -0.754 0.000 -0.657 0.000 
  2.584 -0.531 -1.347 1.000 

unity_LODFade
  0.000 0.000 0.000 0.000 
unity_WorldTransformParams
  0.000 0.000 0.000 1.000 
unity_LightData
  0.000 0.000 0.000 0.000 
unity_LightIndices
  0.000 0.000 -6242834607977267200.000 0.000 
  17001308143805456711680.000 44090410401792.000 3397.142 826713070425307300211346294964224.000 

unity_ProbesOcclusion
  18394324191659592104542208.000 0.000 47279221233699694575616.000 0.000 
unity_SpecCube0_HDR
  17408233887533869706510336.000 164245.719 204.325 827838656.000 
unity_LightmapST
  3268.141 845141.938 220525664.000 13648.593 
unity_DynamicLightmapST
  903105347584.000 0.000 164249.641 204.325 
unity_SHAr
  827838656.000 3268.141 845141.938 220525664.000 
unity_SHAg
  13648.593 903105347584.000 67334119669549957644288.000 70366717557831683276800.000 
unity_SHAb
  845138.000 15348422148096.000 3326692864.000 0.000 
unity_SHBr
  71845911344642640576512.000 67334119669549957644288.000 70366717557831683276800.000 845138.000 
unity_SHBg
  15348422148096.000 3326692864.000 203206967679291935757618657624064.000 71309008930282017531017297920.000 
unity_SHBb
  0.000 17259775644150159841951744.000 12030274281610642718720.000 18058448670247215755715149824.000 
unity_SHC
  893917504.000 15660222068622884864.000 13981010944.000 911913975808.000 

----------------------------------
_BaseMap_ST
  3.000 3.000 0.000 0.000 
_BaseColor
  1.000 1.000 1.000 1.000 
_SpecColor
  0.033 0.033 0.033 1.000 
_EmissionColor
  0.000 0.000 0.000 1.000 
_Cutoff
  0.500 
_Smoothness
  1.000 
_Metallic
  0.000 
_BumpScale
  1.000 
_OcclusionStrength
  1.000 

----------------------------------
_LightDirection
  -0.542 0.707 0.455 
_ShadowBias
  -0.044 -0.044 0.000 0.000 
hlslcc_mtx4x4unity_MatrixVP
  0.060 0.071 0.052 0.000 
  0.078 0.000 -0.068 0.000 
  -0.050 0.085 -0.044 0.000 
  -0.139 0.250 -0.218 1.000 


----------------------------------

```


