
<meta charset="utf-8" emacsmode="-*- markdown -*-">
<link rel="stylesheet" href="../src/company-api.css">
<script src="../src/rdc.js" charset="utf-8"></script>
<script src="../src/markdeep.min.js" charset="utf-8"></script>
<script src="../src/lazysizes.js" charset="utf-8"></script>

# VS
```glsl
hlslcc_mtx4x4unity_ObjectToWorld
  -0.817 0.000 0.577 0.000 
  0.000 1.000 0.000 0.000 
  -0.577 0.000 -0.817 0.000 
  2.667 0.382 1.010 1.000 

hlslcc_mtx4x4unity_WorldToObject
  -0.817 0.000 -0.577 0.000 
  0.000 1.000 0.000 0.000 
  0.577 0.000 -0.817 0.000 
  1.595 -0.382 2.365 1.000 

unity_LODFade
  0.000 0.000 0.000 0.000 
unity_WorldTransformParams
  0.000 0.000 0.000 1.000 
unity_LightData
  17663163918035451904.000 71439624071474139925882519683072.000 0.004 0.000 
unity_LightIndices
  18129027760595222860323523487858688.000 0.000 0.000 17663184808756379648.000 
  71439624071474139925882519683072.000 0.000 17663163918035451904.000 71439624071474139925882519683072.000 

unity_ProbesOcclusion
  0.000 0.000 1201057545397429102559887360.000 0.000 
unity_SpecCube0_HDR
  0.000 72643422277456290119680.000 50769637685757297847041167196160.000 4230535122963954401280.000 
unity_LightmapST
  0.000 0.000 18129037664115537143365722680852480.000 0.000 
unity_DynamicLightmapST
  0.000 1201057545397429102559887360.000 0.000 0.000 
unity_SHAr
  0.000 1201057545397429102559887360.000 0.000 0.039 
unity_SHAg
  18615488678432805893147883342921728.000 71561207286999159930880.000 0.000 1177123632831553907720192000.000 
unity_SHAb
  289974500398029247175923305036120064.000 17324612193215315968.000 18056909178773800251375484928.000 4371236168191097719226368.000 
unity_SHBr
  267853628531441401856.000 4786091276781108923620917248.000 62700919955702620880896.000 4861736287058098123472826793984.000 
unity_SHBg
  50760981776888857102150270976000.000 4230535122963954401280.000 0.000 0.003 
unity_SHBb
  0.000 18129027760595222860323523487858688.000 0.000 0.039 
unity_SHC
  5.820 0.000 -0.000 0.000 

----------------------------------
_BaseMap_ST
  3.000 3.000 0.000 0.000 
_BaseColor
  0.026 0.026 0.026 1.000 
_SpecColor
  0.033 0.033 0.033 1.000 
_EmissionColor
  0.000 0.000 0.000 1.000 
_Cutoff
  0.500 
_Smoothness
  1.000 
_Metallic
  0.000 
_BumpScale
  1.000 
_OcclusionStrength
  1.000 

----------------------------------
_LightDirection
  0.438 -0.000 -0.899 
_ShadowBias
  -0.029 -0.029 0.000 0.000 
hlslcc_mtx4x4unity_MatrixVP
  0.899 0.000 -0.469 -0.438 
  0.000 1.000 0.000 0.000 
  0.438 0.000 0.961 0.899 
  -0.016 -1.467 2.679 2.893 


----------------------------------

```


