
<meta charset="utf-8" emacsmode="-*- markdown -*-">
<link rel="stylesheet" href="../src/company-api.css">
<script src="../src/rdc.js" charset="utf-8"></script>
<script src="../src/markdeep.min.js" charset="utf-8"></script>
<script src="../src/lazysizes.js" charset="utf-8"></script>

# VS
```glsl
hlslcc_mtx4x4unity_ObjectToWorld
  -0.657 0.000 -0.754 0.000 
  0.000 1.000 0.000 0.000 
  0.754 0.000 -0.657 0.000 
  2.714 0.730 1.062 1.000 

hlslcc_mtx4x4unity_WorldToObject
  -0.657 0.000 0.754 0.000 
  0.000 1.000 0.000 0.000 
  -0.754 0.000 -0.657 0.000 
  2.584 -0.730 -1.347 1.000 

unity_LODFade
  0.000 0.000 0.000 0.000 
unity_WorldTransformParams
  0.000 0.000 0.000 1.000 
unity_LightData
  894948928.000 222559354880.000 72643624939439521792000.000 203083502503186332909264265281536.000 
unity_LightIndices
  79316175099297370989568178471829504.000 829.193 67405871018813224386560.000 9417314533376.000 
  3734580901183488.000 845141.938 220525664.000 4232816196175217557504.000 

unity_ProbesOcclusion
  18965689648878579798178267136.000 17975107461463408640.000 1172343343572292814514421760.000 279387065702160531456.000 
unity_SpecCube0_HDR
  71321098188478163822764359680.000 240300570826816618496.000 18807232379376754549062136496128.000 9417314533376.000 
unity_LightmapST
  3734580901183488.000 845141.938 220525664.000 4232816196175217557504.000 
unity_DynamicLightmapST
  -0.000 0.000 -1.000 0.000 
unity_SHAr
  0.000 1.000 0.000 0.000 
unity_SHAg
  1.000 0.000 -0.000 0.000 
unity_SHAb
  0.000 0.000 0.000 1.000 
unity_SHBr
  -0.000 0.000 1.000 0.000 
unity_SHBg
  0.000 1.000 0.000 0.000 
unity_SHBb
  -1.000 0.000 -0.000 0.000 
unity_SHC
  0.000 -0.000 0.000 1.000 

----------------------------------
_BaseMap_ST
  3.000 8.000 0.000 0.000 
_BaseColor
  0.644 0.644 0.644 1.000 
_SpecColor
  0.033 0.033 0.033 1.000 
_EmissionColor
  0.000 0.000 0.000 1.000 
_Cutoff
  0.500 
_Smoothness
  1.000 
_Metallic
  0.000 
_BumpScale
  1.000 
_OcclusionStrength
  1.000 

----------------------------------
_LightDirection
  0.438 -0.000 -0.899 
_ShadowBias
  -0.029 -0.029 0.000 0.000 
hlslcc_mtx4x4unity_MatrixVP
  0.899 0.000 -0.469 -0.438 
  0.000 1.000 0.000 0.000 
  0.438 0.000 0.961 0.899 
  -0.016 -1.467 2.679 2.893 


----------------------------------

```


