
<meta charset="utf-8" emacsmode="-*- markdown -*-">
<link rel="stylesheet" href="../src/company-api.css">
<script src="../src/rdc.js" charset="utf-8"></script>
<script src="../src/markdeep.min.js" charset="utf-8"></script>
<script src="../src/lazysizes.js" charset="utf-8"></script>

# VS
```glsl
hlslcc_mtx4x4unity_ObjectToWorld
  -0.657 0.000 -0.754 0.000 
  0.000 1.000 0.000 0.000 
  0.754 0.000 -0.657 0.000 
  2.714 0.730 1.062 1.000 

hlslcc_mtx4x4unity_WorldToObject
  -0.657 0.000 0.754 0.000 
  0.000 1.000 0.000 0.000 
  -0.754 0.000 -0.657 0.000 
  2.584 -0.730 -1.347 1.000 

unity_LODFade
  0.000 0.000 0.000 0.000 
unity_WorldTransformParams
  0.000 0.000 0.000 1.000 
unity_LightData
  4689377801507748948350074880.000 72616905082850332639232.000 11543960596508573696.000 73172969482369012323670032384.000 
unity_LightIndices
  1089288354119941455127511040.000 67125832690383699574784.000 18959048821012044359596507136.000 4741806312280503354482568986624.000 
  695314787691701458374064458432512.000 0.000 1157005687531742565565988864.000 14994231853208493619150848.000 

unity_ProbesOcclusion
  4544820010223581929211126874112.000 18959048821012044359596507136.000 4741806312280503354482568986624.000 695314787691701458374064458432512.000 
unity_SpecCube0_HDR
  0.000 267781201501496541184.000 1109462008586855400127594496.000 73318084019634527272960.000 
unity_LightmapST
  16920980814951769702400.000 18959048821012044359596507136.000 4741806312280503354482568986624.000 695314787691701458374064458432512.000 
unity_DynamicLightmapST
  0.000 267781201501496541184.000 1109462008586855400127594496.000 73318084019634527272960.000 
unity_SHAr
  71508163890587990228992.000 0.000 275587240773809455759360.000 0.000 
unity_SHAg
  4232809722250753212416.000 223.126 18443797317024240957386653696.000 15521354482643771697659904.000 
unity_SHAb
  60.599 0.004 18017315400888639322849280.000 4689377801507748948350074880.000 
unity_SHBr
  72616905082850332639232.000 11543960596508573696.000 985515163648.000 60490270379786423741183950848.000 
unity_SHBg
  175230064390209528898768718528512.000 71309008930282017531017297920.000 0.000 0.000 
unity_SHBb
  15441880144566707915063296.000 0.000 275587240773809455759360.000 0.000 
unity_SHC
  4232809722250753212416.000 57120.203 273734995393252425728.000 18959048821012044359596507136.000 

----------------------------------
_BaseMap_ST
  3.000 8.000 0.000 0.000 
_BaseColor
  0.644 0.644 0.644 1.000 
_SpecColor
  0.033 0.033 0.033 1.000 
_EmissionColor
  0.000 0.000 0.000 1.000 
_Cutoff
  0.500 
_Smoothness
  1.000 
_Metallic
  0.000 
_BumpScale
  1.000 
_OcclusionStrength
  1.000 

----------------------------------
_LightDirection
  -0.542 0.707 0.455 
_ShadowBias
  -0.044 -0.044 0.000 0.000 
hlslcc_mtx4x4unity_MatrixVP
  0.060 0.071 0.052 0.000 
  0.078 0.000 -0.068 0.000 
  -0.050 0.085 -0.044 0.000 
  -0.139 0.250 -0.218 1.000 


----------------------------------

```


