
<meta charset="utf-8" emacsmode="-*- markdown -*-">
<link rel="stylesheet" href="../src/company-api.css">
<script src="../src/rdc.js" charset="utf-8"></script>
<script src="../src/markdeep.min.js" charset="utf-8"></script>
<script src="../src/lazysizes.js" charset="utf-8"></script>

# VS
```glsl
hlslcc_mtx4x4unity_ObjectToWorld
  -0.000 0.000 -1.000 0.000 
  0.000 1.000 0.000 0.000 
  1.000 0.000 -0.000 0.000 
  1.780 1.220 -0.050 1.000 

hlslcc_mtx4x4unity_WorldToObject
  -0.000 0.000 1.000 0.000 
  0.000 1.000 0.000 0.000 
  -1.000 0.000 -0.000 0.000 
  -0.050 -1.220 -1.780 1.000 

unity_LODFade
  0.000 0.000 0.000 0.000 
unity_WorldTransformParams
  0.000 0.000 0.000 1.000 
unity_LightData
  1.595 -0.382 2.365 1.000 
unity_LightIndices
  0.000 0.000 0.000 0.000 
  0.000 0.000 0.000 1.000 

unity_ProbesOcclusion
  71439624071474139925882519683072.000 2673782061655809847885561856.000 295859719493016099899437821722624.000 813523206162983850063632032333824.000 
unity_SpecCube0_HDR
  0.000 1201057545397429102559887360.000 0.000 0.000 
unity_LightmapST
  0.000 18129027760595222860323523487858688.000 0.000 72618179601544878489600.000 
unity_DynamicLightmapST
  203083502503186332909264265281536.000 272631578300174565376.000 0.000 0.000 
unity_SHAr
  18129027760595222860323523487858688.000 0.000 69961848454930703056896.000 4746952303371085304089804800.000 
unity_SHAg
  1112824481096611177196158976.000 0.000 1201057545397429102559887360.000 0.000 
unity_SHAb
  0.000 1157837045393656507638218752.000 18129027760595222860323523487858688.000 1127006384976073588736.000 
unity_SHBr
  700916156884457982772914270765056.000 0.000 1201057545397429102559887360.000 0.000 
unity_SHBg
  72618179601544878489600.000 203083502503186332909264265281536.000 272631578300174565376.000 0.003 
unity_SHBb
  4232810003725729923072.000 17663174913151729664.000 71439624071474139925882519683072.000 0.000 
unity_SHC
  0.000 18129027760595222860323523487858688.000 0.000 700915692656943250755311183593472.000 

----------------------------------
_BaseMap_ST
  4.000 4.000 0.000 0.000 
_BaseColor
  1.000 1.000 1.000 1.000 
_SpecColor
  0.033 0.033 0.033 1.000 
_EmissionColor
  0.000 0.000 0.000 1.000 
_Cutoff
  0.500 
_Smoothness
  1.000 
_Metallic
  0.000 
_BumpScale
  1.000 
_OcclusionStrength
  1.000 

----------------------------------
_LightDirection
  0.438 -0.000 -0.899 
_ShadowBias
  -0.029 -0.029 0.000 0.000 
hlslcc_mtx4x4unity_MatrixVP
  0.899 0.000 -0.469 -0.438 
  0.000 1.000 0.000 0.000 
  0.438 0.000 0.961 0.899 
  -0.016 -1.467 2.679 2.893 


----------------------------------

```


