
<meta charset="utf-8" emacsmode="-*- markdown -*-">
<link rel="stylesheet" href="../src/company-api.css">
<script src="../src/rdc.js" charset="utf-8"></script>
<script src="../src/markdeep.min.js" charset="utf-8"></script>
<script src="../src/lazysizes.js" charset="utf-8"></script>

# VS
```glsl
hlslcc_mtx4x4unity_ObjectToWorld
  -0.191 -0.255 -0.948 0.000 
  0.127 0.951 -0.281 0.000 
  0.973 -0.174 -0.150 0.000 
  2.832 0.916 1.109 1.000 

hlslcc_mtx4x4unity_WorldToObject
  -0.191 0.127 0.973 0.000 
  -0.255 0.951 -0.174 0.000 
  -0.948 -0.281 -0.150 0.000 
  1.826 -0.918 -2.432 1.000 

unity_LODFade
  0.000 0.000 0.000 0.000 
unity_WorldTransformParams
  0.000 0.000 0.000 1.000 
unity_LightData
  0.000 0.000 0.000 0.000 
unity_LightIndices
  202983171331564875604797050322944.000 272631578300174565376.000 3532978123097214617999283907985408.000 0.000 
  0.000 0.000 1201057545397429102559887360.000 0.000 

unity_ProbesOcclusion
  0.039 18615488678432805893147883342921728.000 71561207286999159930880.000 247663057971957731158990604206080.000 
unity_SpecCube0_HDR
  246383673344.000 0.000 1201057545397429102559887360.000 0.000 
unity_LightmapST
  0.000 0.000 687733735424.000 244848713869251575808.000 
unity_DynamicLightmapST
  72701055957286271674904534319104.000 0.000 17663184808756379648.000 71439624071474139925882519683072.000 
unity_SHAr
  0.000 12318951288744600049549312.000 270818487214777894436864.000 845138.000 
unity_SHAg
  13.959 827625728.000 847707570176.000 0.000 
unity_SHAb
  58033732321280.000 4463112038621833083522966880256.000 0.000 0.039 
unity_SHBr
  18060482829609711855390949376.000 18288761639744294047954307284729856.000 15443731527648673792.000 1144608075867503154167808.000 
unity_SHBg
  0.000 0.000 0.000 0.000 
unity_SHBb
  0.000 71845911344642640576512.000 0.000 15443722731555651584.000 
unity_SHC
  1144608075867503154167808.000 0.000 0.000 4360322419537676531801260032.000 

----------------------------------
_BaseMap_ST
  1.000 1.000 0.000 0.000 
_BaseColor
  1.000 1.000 1.000 1.000 
_SpecColor
  0.033 0.033 0.033 1.000 
_EmissionColor
  0.000 0.000 0.000 1.000 
_Cutoff
  0.500 
_Smoothness
  1.000 
_Metallic
  0.000 
_BumpScale
  1.000 
_OcclusionStrength
  1.000 

----------------------------------
_LightDirection
  -0.542 0.707 0.455 
_ShadowBias
  -0.044 -0.044 0.000 0.000 
hlslcc_mtx4x4unity_MatrixVP
  0.060 0.071 0.052 0.000 
  0.078 0.000 -0.068 0.000 
  -0.050 0.085 -0.044 0.000 
  -0.139 0.250 -0.218 1.000 


----------------------------------

```


