
<meta charset="utf-8" emacsmode="-*- markdown -*-">
<link rel="stylesheet" href="../src/company-api.css">
<script src="../src/rdc.js" charset="utf-8"></script>
<script src="../src/markdeep.min.js" charset="utf-8"></script>
<script src="../src/lazysizes.js" charset="utf-8"></script>

# VS
```glsl
hlslcc_mtx4x4unity_ObjectToWorld
  -0.657 0.000 -0.754 0.000 
  0.000 1.000 0.000 0.000 
  0.754 0.000 -0.657 0.000 
  2.721 0.351 1.070 1.000 

hlslcc_mtx4x4unity_WorldToObject
  -0.657 0.000 0.754 0.000 
  0.000 1.000 0.000 0.000 
  -0.754 0.000 -0.657 0.000 
  2.594 -0.351 -1.347 1.000 

unity_LODFade
  0.000 0.000 0.000 0.000 
unity_WorldTransformParams
  0.000 0.000 0.000 1.000 
unity_LightData
  0.000 1.000 0.000 0.000 
unity_LightIndices
  1.000 0.000 -0.000 0.000 
  -0.100 0.000 0.000 1.000 

unity_ProbesOcclusion
  -0.000 0.000 1.000 0.000 
unity_SpecCube0_HDR
  0.000 1.000 0.000 0.000 
unity_LightmapST
  -1.000 0.000 -0.000 0.000 
unity_DynamicLightmapST
  -0.000 0.000 0.100 1.000 
unity_SHAr
  0.000 0.000 0.000 0.000 
unity_SHAg
  0.000 0.000 0.000 1.000 
unity_SHAb
  203400376467617162591504850485248.000 272631578300174565376.000 0.003 18093168412519732999094272.000 
unity_SHBr
  273388270998503030784.000 0.000 0.000 811932685326259502419188201291776.000 
unity_SHBg
  3397.966 3477297152.000 0.000 0.039 
unity_SHBb
  17179297437953556480.000 216.271 841.239 80539150919387869587704322082209792.000 
unity_SHC
  11541072179462406144.000 71833071582105007292416.000 17321210304238977024.000 14143280495769616119061534289690624.000 

----------------------------------
_BaseMap_ST
  3.000 3.000 0.000 0.000 
_BaseColor
  1.000 1.000 1.000 1.000 
_SpecColor
  0.033 0.033 0.033 1.000 
_EmissionColor
  0.000 0.000 0.000 1.000 
_Cutoff
  0.500 
_Smoothness
  1.000 
_Metallic
  0.000 
_BumpScale
  1.000 
_OcclusionStrength
  1.000 

----------------------------------
_LightDirection
  0.438 -0.000 -0.899 
_ShadowBias
  -0.029 -0.029 0.000 0.000 
hlslcc_mtx4x4unity_MatrixVP
  0.899 0.000 -0.469 -0.438 
  0.000 1.000 0.000 0.000 
  0.438 0.000 0.961 0.899 
  -0.016 -1.467 2.679 2.893 


----------------------------------

```


