
<meta charset="utf-8" emacsmode="-*- markdown -*-">
<link rel="stylesheet" href="../src/company-api.css">
<script src="../src/rdc.js" charset="utf-8"></script>
<script src="../src/markdeep.min.js" charset="utf-8"></script>
<script src="../src/lazysizes.js" charset="utf-8"></script>

# VS
```glsl
hlslcc_mtx4x4unity_ObjectToWorld
  0.860 0.000 -0.511 0.000 
  0.000 1.000 0.000 0.000 
  0.511 0.000 0.860 0.000 
  0.819 0.000 -0.703 1.000 

hlslcc_mtx4x4unity_WorldToObject
  0.860 -0.000 0.511 0.000 
  0.000 1.000 -0.000 0.000 
  -0.511 0.000 0.860 0.000 
  -1.063 0.000 0.186 1.000 

unity_LODFade
  0.000 0.000 0.000 0.000 
unity_WorldTransformParams
  0.000 0.000 0.000 1.000 
unity_LightData
  -0.000 0.000 0.000 0.000 
unity_LightIndices
  -2.352 0.000 -57445187584.000 0.000 
  0.000 0.000 0.000 0.000 

unity_ProbesOcclusion
  -2.585 1.384 0.000 -0.000 
unity_SpecCube0_HDR
  nan 0.000 -0.000 0.000 
unity_LightmapST
  -0.000 0.000 0.000 0.000 
unity_DynamicLightmapST
  -2.352 0.000 -58518929408.000 0.000 
unity_SHAr
  0.000 0.000 0.000 0.000 
unity_SHAg
  -2.293 1.316 0.000 -0.000 
unity_SHAb
  nan 0.000 -0.000 0.000 
unity_SHBr
  -0.000 0.000 0.000 0.000 
unity_SHBg
  -2.352 0.000 -62277025792.000 0.000 
unity_SHBb
  0.000 0.000 0.000 0.000 
unity_SHC
  -2.111 1.259 0.000 -0.000 

----------------------------------
_LightDirection
  -0.542 0.707 0.455 
_ShadowBias
  -0.044 -0.044 0.000 0.000 
hlslcc_mtx4x4unity_MatrixVP
  0.060 0.071 0.052 0.000 
  0.078 0.000 -0.068 0.000 
  -0.050 0.085 -0.044 0.000 
  -0.139 0.250 -0.218 1.000 


----------------------------------

```


