
<meta charset="utf-8" emacsmode="-*- markdown -*-">
<link rel="stylesheet" href="../src/company-api.css">
<script src="../src/rdc.js" charset="utf-8"></script>
<script src="../src/markdeep.min.js" charset="utf-8"></script>
<script src="../src/lazysizes.js" charset="utf-8"></script>

# VS
```glsl
hlslcc_mtx4x4unity_ObjectToWorld
  -0.601 0.000 0.800 0.000 
  -0.000 -1.000 0.000 0.000 
  0.800 0.000 0.601 0.000 
  0.856 0.002 -0.401 1.000 

hlslcc_mtx4x4unity_WorldToObject
  -0.601 -0.000 0.800 0.000 
  0.000 -1.000 -0.000 0.000 
  0.800 0.000 0.601 0.000 
  0.834 0.002 -0.444 1.000 

unity_LODFade
  0.000 0.000 0.000 0.000 
unity_WorldTransformParams
  0.000 0.000 0.000 1.000 
unity_LightData
  0.000 17663152922919174144.000 71439624071474139925882519683072.000 80539155871148026729225421678706688.000 
unity_LightIndices
  0.000 1201057545397429102559887360.000 0.000 20158236790071111070093219731603456.000 
  203032688933136290815793015291904.000 272631578300174565376.000 14134130880939257873449754862551040.000 0.000 

unity_ProbesOcclusion
  4232816196175217557504.000 0.000 0.000 0.000 
unity_SpecCube0_HDR
  0.000 0.000 17663152922919174144.000 71439624071474139925882519683072.000 
unity_LightmapST
  80539160822908183870746521275203584.000 0.000 1201057545397429102559887360.000 0.000 
unity_DynamicLightmapST
  0.000 17663163918035451904.000 71439624071474139925882519683072.000 80539155871148026729225421678706688.000 
unity_SHAr
  0.000 202983171331564875604797050322944.000 272631578300174565376.000 14133813968289200816099380686749696.000 
unity_SHAg
  11823534288916386414592.000 213541852068826591480413610311680.000 272631578300174565376.000 14132546317688972586697883983544320.000 
unity_SHAb
  0.000 0.000 0.000 0.000 
unity_SHBr
  0.000 0.000 0.000 0.000 
unity_SHBg
  0.000 0.000 0.000 0.000 
unity_SHBb
  0.000 0.000 -6244101245372465152.000 14132229405038915529347509807742976.000 
unity_SHC
  0.039 18129027760595222860323523487858688.000 0.000 20158236790071111070093219731603456.000 

----------------------------------
_LightDirection
  -0.542 0.707 0.455 
_ShadowBias
  -0.044 -0.044 0.000 0.000 
hlslcc_mtx4x4unity_MatrixVP
  0.060 0.071 0.052 0.000 
  0.078 0.000 -0.068 0.000 
  -0.050 0.085 -0.044 0.000 
  -0.139 0.250 -0.218 1.000 


----------------------------------

```


