
<meta charset="utf-8" emacsmode="-*- markdown -*-">
<link rel="stylesheet" href="../src/company-api.css">
<script src="../src/rdc.js" charset="utf-8"></script>
<script src="../src/markdeep.min.js" charset="utf-8"></script>
<script src="../src/lazysizes.js" charset="utf-8"></script>

# VS
```glsl
hlslcc_mtx4x4unity_ObjectToWorld
  0.134 0.000 0.991 0.000 
  0.000 1.000 0.000 0.000 
  -0.991 0.000 0.134 0.000 
  0.566 0.000 -0.508 1.000 

hlslcc_mtx4x4unity_WorldToObject
  0.134 0.000 -0.991 0.000 
  -0.000 1.000 0.000 0.000 
  0.991 -0.000 0.134 0.000 
  0.428 -0.000 0.629 1.000 

unity_LODFade
  0.000 0.000 0.000 0.000 
unity_WorldTransformParams
  0.000 0.000 0.000 1.000 
unity_LightData
  0.000 0.000 0.000 4232816196175217557504.000 
unity_LightIndices
  17665424513942159360.000 71439624071474139925882519683072.000 0.000 72643471817052191195136.000 
  0.000 0.000 0.000 0.000 

unity_ProbesOcclusion
  202983171331564875604797050322944.000 272631578300174565376.000 0.000 1112820717960820140447629312.000 
unity_SpecCube0_HDR
  0.000 0.000 -6243256820442333184.000 272631578300174565376.000 
unity_LightmapST
  56536523523757031493799019450204160.000 0.000 17663152922919174144.000 71439624071474139925882519683072.000 
unity_DynamicLightmapST
  80539180629948812436830919661191168.000 0.000 1201057545397429102559887360.000 0.000 
unity_SHAr
  0.000 72643467313452563824640.000 213219755544855026600138294427648.000 272631578300174565376.000 
unity_SHAg
  0.000 0.000 17663152922919174144.000 71439624071474139925882519683072.000 
unity_SHAb
  14133415351596550923650863168749568.000 0.039 219502243215788989993050963968000.000 272631578300174565376.000 
unity_SHBr
  14131912492388858471997135631941632.000 0.000 72643471817052191195136.000 213219755544855026600138294427648.000 
unity_SHBg
  272631578300174565376.000 0.000 0.000 17663152922919174144.000 
unity_SHBb
  71439624071474139925882519683072.000 14133415351596550923650863168749568.000 0.039 4232816196175217557504.000 
unity_SHC
  17665425613453787136.000 71439624071474139925882519683072.000 0.000 17663163918035451904.000 

----------------------------------
_BaseMap_ST
  1.000 1.000 0.000 0.000 
_BaseColor
  0.876 0.876 0.876 1.000 
_SpecColor
  0.033 0.033 0.033 1.000 
_EmissionColor
  0.000 0.000 0.000 1.000 
_Cutoff
  0.500 
_Smoothness
  1.000 
_Metallic
  0.000 
_BumpScale
  1.000 
_OcclusionStrength
  1.000 

----------------------------------
_LightDirection
  0.438 -0.000 -0.899 
_ShadowBias
  -0.029 -0.029 0.000 0.000 
hlslcc_mtx4x4unity_MatrixVP
  0.899 0.000 -0.469 -0.438 
  0.000 1.000 0.000 0.000 
  0.438 0.000 0.961 0.899 
  -0.016 -1.467 2.679 2.893 


----------------------------------

```


