
<meta charset="utf-8" emacsmode="-*- markdown -*-">
<link rel="stylesheet" href="../src/company-api.css">
<script src="../src/rdc.js" charset="utf-8"></script>
<script src="../src/markdeep.min.js" charset="utf-8"></script>
<script src="../src/lazysizes.js" charset="utf-8"></script>

# VS
```glsl
hlslcc_mtx4x4unity_ObjectToWorld
  -0.657 0.000 -0.754 0.000 
  0.000 1.000 0.000 0.000 
  0.754 0.000 -0.657 0.000 
  2.714 0.730 1.062 1.000 

hlslcc_mtx4x4unity_WorldToObject
  -0.657 0.000 0.754 0.000 
  0.000 1.000 0.000 0.000 
  -0.754 0.000 -0.657 0.000 
  2.584 -0.730 -1.347 1.000 

unity_LODFade
  0.000 0.000 0.000 0.000 
unity_WorldTransformParams
  0.000 0.000 0.000 1.000 
unity_LightData
  0.000 203032688933136290815793015291904.000 272631578300174565376.000 14131912492388858471997135631941632.000 
unity_LightIndices
  0.000 0.000 1201057545397429102559887360.000 0.000 
  0.000 1201057545397429102559887360.000 0.000 0.000 

unity_ProbesOcclusion
  1201057545397429102559887360.000 0.000 0.000 202983171331564875604797050322944.000 
unity_SpecCube0_HDR
  272631578300174565376.000 14132229405038915529347509807742976.000 203126772376121979716685348732928.000 272631578300174565376.000 
unity_LightmapST
  14131912492388858471997135631941632.000 203032688933136290815793015291904.000 272631578300174565376.000 14131912492388858471997135631941632.000 
unity_DynamicLightmapST
  0.000 18129043853815733570267097176473600.000 0.000 0.003 
unity_SHAr
  0.000 18129027760595222860323523487858688.000 0.000 203126772376121979716685348732928.000 
unity_SHAg
  272631578300174565376.000 56527649969555433887988542527766528.000 0.000 17663163918035451904.000 
unity_SHAb
  71439624071474139925882519683072.000 80539150919387869587704322082209792.000 0.000 0.000 
unity_SHBr
  1201057545397429102559887360.000 0.000 0.000 0.000 
unity_SHBg
  73977386644899334113875627868160.000 216445.891 0.000 1201057545397429102559887360.000 
unity_SHBb
  0.000 0.000 17663152922919174144.000 71439624071474139925882519683072.000 
unity_SHC
  -0.657 0.000 -0.754 0.000 

----------------------------------
_BaseMap_ST
  3.000 3.000 0.000 0.000 
_BaseColor
  1.000 1.000 1.000 1.000 
_SpecColor
  0.033 0.033 0.033 1.000 
_EmissionColor
  0.000 0.000 0.000 1.000 
_Cutoff
  0.500 
_Smoothness
  1.000 
_Metallic
  0.000 
_BumpScale
  1.000 
_OcclusionStrength
  1.000 

----------------------------------
_LightDirection
  0.438 -0.000 -0.899 
_ShadowBias
  -0.029 -0.029 0.000 0.000 
hlslcc_mtx4x4unity_MatrixVP
  0.899 0.000 -0.469 -0.438 
  0.000 1.000 0.000 0.000 
  0.438 0.000 0.961 0.899 
  -0.016 -1.467 2.679 2.893 


----------------------------------

```


