
<meta charset="utf-8" emacsmode="-*- markdown -*-">
<link rel="stylesheet" href="../src/company-api.css">
<script src="../src/rdc.js" charset="utf-8"></script>
<script src="../src/markdeep.min.js" charset="utf-8"></script>
<script src="../src/lazysizes.js" charset="utf-8"></script>

# VS
```glsl
hlslcc_mtx4x4unity_ObjectToWorld
  -0.849 0.000 -0.528 0.000 
  0.000 1.000 0.000 0.000 
  0.528 0.000 -0.849 0.000 
  2.865 0.759 0.857 1.000 

hlslcc_mtx4x4unity_WorldToObject
  -0.849 0.000 0.528 0.000 
  0.000 1.000 0.000 0.000 
  -0.528 0.000 -0.849 0.000 
  2.886 -0.759 -0.784 1.000 

unity_LODFade
  0.000 0.000 0.000 0.000 
unity_WorldTransformParams
  0.000 0.000 0.000 1.000 
unity_LightData
  nan nan nan nan 
unity_LightIndices
  nan nan nan nan 
  nan nan nan nan 

unity_ProbesOcclusion
  0.000 0.000 0.000 0.000 
unity_SpecCube0_HDR
  0.000 0.000 0.000 0.000 
unity_LightmapST
  0.000 0.000 nan nan 
unity_DynamicLightmapST
  0.000 nan 0.000 0.000 
unity_SHAr
  0.000 0.000 0.000 0.000 
unity_SHAg
  0.000 0.000 0.000 0.000 
unity_SHAb
  0.000 0.000 0.000 0.000 
unity_SHBr
  18129027760595222860323523487858688.000 0.000 323829862855771484028624139787960320.000 189176548622662182633472.000 
unity_SHBg
  72059803016936444692506787971072.000 18129037664115537143365722680852480.000 0.000 323829862855771484028624139787960320.000 
unity_SHBb
  0.000 202983171331564875604797050322944.000 272631578300174565376.000 14134130880939257873449754862551040.000 
unity_SHC
  0.039 18129027760595222860323523487858688.000 0.000 323829862855771484028624139787960320.000 

----------------------------------
_BaseMap_ST
  3.000 3.000 0.000 0.000 
_BaseColor
  0.026 0.026 0.026 1.000 
_SpecColor
  0.033 0.033 0.033 1.000 
_EmissionColor
  0.000 0.000 0.000 1.000 
_Cutoff
  0.500 
_Smoothness
  1.000 
_Metallic
  0.000 
_BumpScale
  1.000 
_OcclusionStrength
  1.000 

----------------------------------
_LightDirection
  -0.542 0.707 0.455 
_ShadowBias
  -0.044 -0.044 0.000 0.000 
hlslcc_mtx4x4unity_MatrixVP
  0.060 0.071 0.052 0.000 
  0.078 0.000 -0.068 0.000 
  -0.050 0.085 -0.044 0.000 
  -0.139 0.250 -0.218 1.000 


----------------------------------

```


