
<meta charset="utf-8" emacsmode="-*- markdown -*-">
<link rel="stylesheet" href="../src/company-api.css">
<script src="../src/rdc.js" charset="utf-8"></script>
<script src="../src/markdeep.min.js" charset="utf-8"></script>
<script src="../src/lazysizes.js" charset="utf-8"></script>

# VS
```glsl
hlslcc_mtx4x4unity_ObjectToWorld
  -0.817 0.000 0.577 0.000 
  0.000 1.000 0.000 0.000 
  -0.577 0.000 -0.817 0.000 
  2.667 0.382 1.010 1.000 

hlslcc_mtx4x4unity_WorldToObject
  -0.817 0.000 -0.577 0.000 
  0.000 1.000 0.000 0.000 
  0.577 0.000 -0.817 0.000 
  1.595 -0.382 2.365 1.000 

unity_LODFade
  0.000 0.000 0.000 0.000 
unity_WorldTransformParams
  0.000 0.000 0.000 1.000 
unity_LightData
  1201057545397429102559887360.000 0.000 0.000 0.000 
unity_LightIndices
  0.000 0.003 1108037919944365022742839296.000 0.000 
  202983171331564875604797050322944.000 272631578300174565376.000 14134130880939257873449754862551040.000 0.039 

unity_ProbesOcclusion
  272535894400278986752.000 213522006342571797727881633726464.000 272631578300174565376.000 14134130880939257873449754862551040.000 
unity_SpecCube0_HDR
  0.000 0.000 0.000 0.000 
unity_LightmapST
  17259775644150159841951744.000 0.000 17663152922919174144.000 71439624071474139925882519683072.000 
unity_DynamicLightmapST
  80539185581708969578352019257688064.000 0.000 1201057545397429102559887360.000 0.000 
unity_SHAr
  0.000 72643471817052191195136.000 0.000 0.000 
unity_SHAg
  0.000 0.000 0.000 0.000 
unity_SHAb
  0.000 0.000 0.000 0.000 
unity_SHBr
  0.000 0.000 0.000 0.000 
unity_SHBg
  0.000 0.000 -6243256820442333184.000 17663152922919174144.000 
unity_SHBb
  -2.655 0.000 -0.000 0.000 
unity_SHC
  0.000 0.000 0.000 0.000 

----------------------------------
_BaseMap_ST
  3.000 3.000 0.000 0.000 
_BaseColor
  0.026 0.026 0.026 1.000 
_SpecColor
  0.033 0.033 0.033 1.000 
_EmissionColor
  0.000 0.000 0.000 1.000 
_Cutoff
  0.500 
_Smoothness
  1.000 
_Metallic
  0.000 
_BumpScale
  1.000 
_OcclusionStrength
  1.000 

----------------------------------
_LightDirection
  -0.542 0.707 0.455 
_ShadowBias
  -0.044 -0.044 0.000 0.000 
hlslcc_mtx4x4unity_MatrixVP
  0.060 0.071 0.052 0.000 
  0.078 0.000 -0.068 0.000 
  -0.050 0.085 -0.044 0.000 
  -0.139 0.250 -0.218 1.000 


----------------------------------

```


