
<meta charset="utf-8" emacsmode="-*- markdown -*-">
<link rel="stylesheet" href="../src/company-api.css">
<script src="../src/rdc.js" charset="utf-8"></script>
<script src="../src/markdeep.min.js" charset="utf-8"></script>
<script src="../src/lazysizes.js" charset="utf-8"></script>

# VS
```glsl
hlslcc_mtx4x4unity_ObjectToWorld
  -0.657 0.000 -0.754 0.000 
  0.000 1.000 0.000 0.000 
  0.754 0.000 -0.657 0.000 
  2.714 0.566 1.062 1.000 

hlslcc_mtx4x4unity_WorldToObject
  -0.657 0.000 0.754 0.000 
  0.000 1.000 0.000 0.000 
  -0.754 0.000 -0.657 0.000 
  2.584 -0.566 -1.347 1.000 

unity_LODFade
  0.000 0.000 0.000 0.000 
unity_WorldTransformParams
  0.000 0.000 0.000 1.000 
unity_LightData
  -0.031 0.635 1.250 1.824 
unity_LightIndices
  0.000 0.000 -0.000 0.000 
  0.000 1.000 1.000 0.000 

unity_ProbesOcclusion
  0.000 0.045 -0.323 -0.028 
unity_SpecCube0_HDR
  1.000 -0.000 0.000 -1.000 
unity_LightmapST
  0.000 0.000 1.000 0.000 
unity_DynamicLightmapST
  0.000 1.000 0.000 -0.000 
unity_SHAr
  0.000 1.760 1.490 -0.020 
unity_SHAg
  1.000 0.000 0.000 -0.000 
unity_SHAb
  0.000 0.000 0.000 -0.000 
unity_SHBr
  nan 0.000 1.805 1.167 
unity_SHBg
  -0.048 1.842 1.274 1.859 
unity_SHBb
  0.000 0.000 0.000 0.000 
unity_SHC
  71554965297915624423424.000 18391665554669968715415552.000 3030463110000757979480064.000 287702149945812256247565516800.000 

----------------------------------
_BaseMap_ST
  3.000 3.000 0.000 0.000 
_BaseColor
  0.127 0.127 0.127 1.000 
_SpecColor
  0.033 0.033 0.033 1.000 
_EmissionColor
  0.000 0.000 0.000 1.000 
_Cutoff
  0.500 
_Smoothness
  1.000 
_Metallic
  0.000 
_BumpScale
  1.000 
_OcclusionStrength
  1.000 

----------------------------------
_LightDirection
  -0.542 0.707 0.455 
_ShadowBias
  -0.044 -0.044 0.000 0.000 
hlslcc_mtx4x4unity_MatrixVP
  0.060 0.071 0.052 0.000 
  0.078 0.000 -0.068 0.000 
  -0.050 0.085 -0.044 0.000 
  -0.139 0.250 -0.218 1.000 


----------------------------------

```


